78 132 232.427 192.427 40
47 131 232.482 172.482 60
15 96 232.499 137.499 95
58 66 232.505 87.5048 145
55 97 232.557 127.557 105
54 101 232.558 132.558 100
76 131 232.563 187.563 45
51 68 232.576 97.5759 135
81 134 232.584 202.584 30
20 78 232.624 147.624 85
20 112 232.649 147.649 85
31 113 232.696 142.696 90
39 113 232.696 142.696 90
35 113 232.696 142.696 90
67 107 232.775 167.775 65
68 132 232.785 177.785 55
54 102 232.817 132.817 100
67 131 232.835 172.835 60
59 105 232.875 157.875 75
71 108 232.896 172.896 60
55 98 232.971 127.971 105
15 101 233.051 138.051 95
15 97 233.051 138.051 95
54 103 233.076 133.076 100
73 121 233.082 163.082 70
34 113 233.11 143.11 90
30 113 233.11 143.11 90
63 106 233.118 163.118 70
62 74 233.162 93.1617 140
72 129 233.199 178.199 55
64 68 233.262 83.2622 150
61 65 233.262 83.2622 150
60 105 233.289 158.289 75
51 107 233.295 148.295 85
75 130 233.321 183.321 50
45 112 233.356 148.356 85
82 134 233.412 203.412 30
19 112 233.477 148.477 85
73 116 233.496 163.496 70
73 122 233.496 163.496 70
29 113 233.524 143.524 90
41 113 233.524 143.524 90
71 138 233.599 193.599 40
56 104 233.633 153.633 80
72 112 233.653 168.653 65
16 94 233.656 143.656 90
44 122 233.738 158.738 75
79 133 233.756 198.756 35
70 137 233.77 188.77 45
35 73 233.789 123.789 110
17 89 233.81 148.81 85
68 133 233.906 178.906 55
45 125 233.911 163.911 70
15 102 233.913 138.913 95
42 113 233.939 143.939 90
72 140 233.963 198.963 35
44 123 233.996 158.996 75
17 83 234.002 149.002 85
17 81 234.002 149.002 85
43 118 234.013 154.013 80
64 64 234.02 79.0196 155
57 104 234.047 154.047 80
17 82 234.088 149.088 85
39 72 234.132 119.132 115
54 67 234.162 94.1617 140
17 88 234.26 149.26 85
17 86 234.26 149.26 85
43 113 234.353 144.353 90
83 134 234.377 204.377 30
45 70 234.475 109.475 125
16 93 234.485 144.485 90
60 82 234.501 104.501 130
38 72 234.546 119.546 115
72 141 234.584 199.584 35
79 146 234.584 204.584 30
73 115 234.661 164.661 70
78 146 234.67 204.67 30
68 127 234.714 169.714 65
62 75 234.747 94.7475 140
26 113 234.767 144.767 90
57 90 234.796 119.796 115
57 66 234.919 89.919 145
14 99 234.955 134.955 100
37 72 234.961 119.961 115
16 104 235.07 145.07 90
45 126 235.075 165.075 70
64 69 235.091 85.0906 150
60 65 235.091 85.0906 150
27 75 235.103 135.103 100
62 76 235.162 95.1617 140
25 113 235.181 145.181 90
50 133 235.184 170.184 65
58 104 235.202 155.202 80
57 91 235.211 120.211 115
57 89 235.211 120.211 115
48 69 235.233 105.233 130
61 79 235.288 100.288 135
17 84 235.295 150.295 85
41 71 235.304 115.304 120
56 66 235.333 90.3333 145
43 119 235.366 155.366 80
61 78 235.404 100.404 135
49 68 235.404 100.404 135
73 129 235.406 180.406 55
57 92 235.47 120.47 115
58 89 235.486 115.486 120
45 127 235.489 165.489 70
14 100 235.516 135.516 100
14 98 235.516 135.516 100
26 75 235.517 135.517 100
72 142 235.584 200.584 35
62 133 235.643 170.643 65
56 133 235.643 170.643 65
47 69 235.647 105.647 130
60 83 235.665 105.665 130
85 139 235.67 205.67 30
85 141 235.67 205.67 30
61 105 235.704 160.704 75
69 127 235.714 170.714 65
40 71 235.718 115.718 120
42 71 235.718 115.718 120
74 119 235.784 160.784 75
51 133 235.818 170.818 65
49 133 235.818 170.818 65
61 77 235.819 100.819 135
65 66 235.848 80.848 155
63 71 235.919 90.919 145
25 76 235.931 140.931 95
17 110 235.977 150.977 85
61 133 236.057 171.057 65
55 133 236.057 171.057 65
46 69 236.061 106.061 130
64 70 236.091 86.0906 150
62 105 236.118 161.118 75
68 107 236.128 171.128 65
56 94 236.143 126.143 110
62 77 236.162 96.1617 140
74 146 236.205 206.205 30
85 136 236.256 206.256 30
72 111 236.318 171.318 65
55 66 236.333 91.3333 145
48 68 236.404 101.404 135
82 146 236.412 206.412 30
74 118 236.418 161.418 75
30 74 236.446 131.446 105
57 93 236.47 121.47 115
54 133 236.471 171.471 65
15 95 236.492 141.492 95
81 146 236.498 206.498 30
85 138 236.498 206.498 30
85 142 236.498 206.498 30
17 80 236.538 151.538 85
69 107 236.542 171.542 65
56 95 236.557 126.557 110
59 85 236.57 111.57 125
75 146 236.62 206.62 30
55 100 236.628 131.628 105
72 143 236.705 201.705 35
80 133 236.705 201.705 35
76 146 236.705 206.705 30
23 113 236.717 146.717 90
43 120 236.72 156.72 80
72 110 236.732 171.732 65
63 73 236.747 91.7475 145
57 133 236.764 171.764 65
60 84 236.829 106.829 130
65 67 236.848 81.848 155
29 74 236.86 131.86 105
85 135 236.877 206.877 30
53 133 236.886 171.886 65
56 96 236.971 126.971 110
48 133 236.982 171.982 65
52 67 236.99 96.9901 140
61 80 237.008 102.008 135
66 64 237.02 77.0196 160
69 136 237.063 187.063 50
17 109 237.099 152.099 85
80 146 237.12 207.12 30
85 137 237.12 207.12 30
85 143 237.12 207.12 30
43 121 237.134 157.134 80
14 101 237.137 137.137 100
69 126 237.153 167.153 70
60 133 237.178 172.178 65
33 73 237.203 127.203 110
25 75 237.224 137.224 100
73 145 237.241 207.241 30
59 87 237.243 112.243 125
79 132 237.256 197.256 40
28 74 237.274 132.274 105
52 133 237.3 172.3 65
68 134 237.321 182.321 55
73 146 237.327 207.327 30
72 128 237.371 177.371 60
56 97 237.385 127.385 110
77 131 237.427 192.427 45
74 129 237.442 182.442 55
68 135 237.442 182.442 55
57 94 237.47 122.47 115
64 106 237.532 167.532 70
83 146 237.534 207.534 30
24 76 237.553 142.553 95
16 92 237.563 147.563 90
74 117 237.582 162.582 75
65 63 237.605 77.6053 160
32 73 237.618 127.618 110
46 129 237.653 172.653 65
27 74 237.689 132.689 105
72 144 237.705 202.705 35
73 113 237.739 167.739 70
65 129 237.886 167.886 70
68 126 237.886 167.886 70
43 70 237.89 112.89 125
70 107 237.896 172.896 65
15 103 237.906 142.906 95
64 71 237.919 87.919 150
45 113 237.942 147.942 90
65 106 237.946 167.946 70
31 73 238.032 128.032 110
46 130 238.068 173.068 65
59 89 238.072 113.072 125
18 112 238.099 153.099 85
70 127 238.128 173.128 65
47 133 238.146 173.146 65
16 108 238.149 148.149 90
70 126 238.153 168.153 70
54 66 238.162 93.1617 145
23 76 238.174 143.174 95
69 137 238.185 188.185 50
38 114 238.282 143.282 95
36 114 238.282 143.282 95
42 70 238.304 113.304 125
44 70 238.304 113.304 125
17 79 238.366 153.366 85
52 106 238.429 148.429 90
30 73 238.446 128.446 110
18 78 238.538 153.538 85
55 101 238.558 133.558 105
22 76 238.588 143.588 95
61 64 238.676 83.6764 155
59 133 238.678 173.678 65
33 114 238.696 143.696 95
31 114 238.696 143.696 95
39 114 238.696 143.696 95
74 116 238.746 163.746 75
16 109 238.77 148.77 90
16 107 238.77 148.77 90
67 106 238.775 168.775 70
85 134 238.912 208.912 30
68 136 238.942 183.942 55
66 131 238.957 173.957 65
15 104 239.122 144.122 95
85 144 239.155 209.155 30
16 90 239.189 149.189 90
58 133 239.3 174.3 65
20 113 239.374 149.374 90
66 65 239.434 79.4338 160
64 63 239.434 79.4338 160
16 106 239.563 149.563 90
84 146 239.569 209.569 30
65 130 239.593 169.593 70
85 145 239.776 209.776 30
16 89 239.81 149.81 90
52 105 239.947 149.947 90
70 125 241.239 166.239 75
67 64 241.605 76.6053 165
65 131 241.8 171.8 70
71 125 242.239 167.239 75
44 114 244.356 149.356 95
53 105 245.063 150.063 95
68 63 245.191 75.1911 170
71 124 245.325 165.325 80
73 124 245.825 165.825 80
72 124 246.325 166.325 80
68 64 247.02 77.0196 170
68 60 247.036 72.0358 175
64 132 247.593 172.593 75
69 62 249.605 74.6053 175
67 60 249.605 74.6053 175
73 123 249.661 164.661 85
44 115 249.77 149.77 100
54 105 250.477 150.477 100
69 63 250.605 75.6053 175
63 133 251.057 171.057 80
70 59 251.411 71.4108 180
68 59 251.411 71.4108 180
70 60 252.036 72.0358 180
70 61 253.191 73.1911 180
43 115 253.599 153.599 100
54 104 253.633 153.633 100
70 58 255.941 70.9411 185
68 58 255.941 70.9411 185
71 57 259.527 69.5269 190
68 57 260.527 70.5269 190
71 56 263.527 68.5269 195
69 56 263.527 68.5269 195
68 56 265.941 70.9411 195
71 55 267.527 67.5269 200
71 54 271.527 66.5269 205
69 54 271.527 66.5269 205
72 53 275.113 65.1127 210
69 53 276.113 66.1127 210
72 52 279.113 64.1127 215
70 52 279.113 64.1127 215
69 52 281.527 66.5269 215
72 51 283.113 63.1127 220
70 51 283.82 63.8198 220
72 50 287.82 62.8198 225
70 50 287.82 62.8198 225
70 49 291.82 61.8198 230
70 48 295.82 60.8198 235
70 47 299.113 59.1127 240
72 47 299.82 59.8198 240
73 46 303.406 58.4056 245
71 45 307.784 57.7843 250
74 44 311.163 56.163 255
71 43 312.663 52.663 260
73 43 313.37 53.3701 260
73 42 316.163 51.163 265
71 42 316.163 51.163 265
73 41 320.37 50.3701 270
71 41 320.37 50.3701 270
73 40 323.163 48.163 275
71 40 323.163 48.163 275
71 39 327.042 47.0416 280
74 38 329.713 44.7132 285
75 38 330.335 45.3345 285
72 38 330.627 45.6274 285
71 38 332.456 47.4558 285
75 37 333.299 43.299 290
76 37 333.92 43.9203 290
73 37 334.213 44.2132 290
72 37 336.749 46.7487 290
76 36 337.42 42.4203 295
74 36 337.42 42.4203 295
74 35 342.299 42.299 300
78 34 343.178 38.1777 305
77 34 343.263 38.2635 305
75 34 344.678 39.6777 305
79 33 346.763 36.7635 310
74 34 347.42 42.4203 305
76 33 347.763 37.7635 310
75 33 350.299 40.299 310
79 32 350.435 35.435 315
80 32 351.056 36.0563 315
77 32 351.849 36.8492 315
81 31 354.642 34.6421 320
78 31 355.435 35.435 320
77 31 356.763 36.7635 320
79 30 358.142 33.1421 325
81 30 358.849 33.8492 325
82 29 361.021 31.0208 330
78 30 361.056 36.0563 325
79 29 362.521 32.5208 330
80 28 363.985 28.9853 335
79 28 364.607 29.6066 335
81 27 367.899 27.8995 340
79 27 368.607 28.6066 340
82 27 371.021 31.0208 340
81 26 371.899 26.8995 345
79 26 372.607 27.6066 345
79 25 375.571 25.5711 350
78 25 376.192 26.1924 350
81 25 376.485 26.4853 350
81 24 379.071 24.0711 355
78 24 380.071 25.0711 355
79 23 383.45 23.4497 360
83 22 384.828 19.8284 365
82 22 384.914 19.9142 365
80 22 385.828 20.8284 365
78 23 386.192 26.1924 360
83 21 388.828 18.8284 370
81 21 388.828 18.8284 370
80 21 391.243 21.2426 370
83 20 392.828 17.8284 375
83 19 396.828 16.8284 380
81 19 396.828 16.8284 380
81 18 400.828 15.8284 385
83 17 404.828 14.8284 390
81 17 404.828 14.8284 390
83 16 408.828 13.8284 395
81 16 408.828 13.8284 395
83 14 416.828 11.8284 405
81 14 416.828 11.8284 405
81 13 420.828 10.8284 410
83 12 424.828 9.82843 415
81 12 424.828 9.82843 415
83 11 428.828 8.82843 420
81 11 428.828 8.82843 420
83 10 432.828 7.82843 425
81 10 432.828 7.82843 425
83 9 436.828 6.82843 430
81 9 436.828 6.82843 430
83 8 440.828 5.82843 435
81 8 440.828 5.82843 435
83 7 444.828 4.82843 440
81 7 444.828 4.82843 440
83 6 448.828 3.82843 445
81 6 448.828 3.82843 445
83 5 452.828 2.82843 450
81 5 452.828 2.82843 450
84 4 456.414 1.41421 455
81 4 457.414 2.41421 455
84 3 461 1 460
81 3 462.828 2.82843 460
82 2 466.414 1.41421 465
84 2 466.414 1.41421 465
