83 144 199.971 192.9 7.07107
85 145 200.607 195.607 5
83 145 200.607 195.607 5
85 144 200.678 193.607 7.07107
83 143 202.08 190.9 11.1803
85 143 202.787 191.607 11.1803
83 142 204.711 188.9 15.8114
85 142 205.419 189.607 15.8114
83 141 207.516 186.9 20.6155
85 141 208.223 187.607 20.6155
83 140 211.102 185.607 25.4951
83 139 213.314 182.9 30.4138
85 139 214.021 183.607 30.4138
85 138 216.962 181.607 35.3553
83 138 216.962 181.607 35.3553
83 137 219.004 178.693 40.3113
85 137 219.711 179.4 40.3113
83 136 222.641 177.364 45.2769
85 136 224.056 178.779 45.2769
82 136 224.084 177.986 46.0977
84 135 226.986 176.986 50
85 135 229.649 179.4 50.2494
85 134 230.798 175.572 55.2268
82 134 231.766 175.864 55.9017
85 133 233.78 173.572 60.208
83 133 233.78 173.572 60.208
85 132 236.057 170.864 65.192
83 132 236.057 170.864 65.192
82 133 237.813 176.986 60.8276
82 131 238.747 168.036 70.7107
85 131 240.422 170.243 70.1783
84 130 241.536 166.536 75
82 130 242.2 166.536 75.6637
84 129 245.743 165.743 80
85 130 246.031 170.864 75.1665
82 129 246.366 165.743 80.6226
85 128 248.062 162.915 85.1469
85 127 252.261 162.122 90.1388
85 126 255.046 159.915 95.1315
83 126 255.046 159.915 95.1315
82 127 255.59 165.036 90.5539
83 125 257.797 157.672 100.125
82 125 258.999 158.501 100.499
85 125 259.418 159.293 100.125
85 124 260.791 155.672 105.119
82 124 263.147 157.672 105.475
85 123 264.786 154.672 110.114
83 123 264.786 154.672 110.114
85 122 268.074 152.965 115.109
83 122 268.074 152.965 115.109
82 123 268.247 157.793 110.454
83 121 272.069 151.965 120.104
85 121 272.776 152.672 120.104
82 120 275.95 150.551 125.399
85 120 277.151 152.051 125.1
84 119 279.624 149.624 130
82 119 280.008 149.624 130.384
85 119 281.531 151.435 130.096
82 118 283.989 148.619 135.37
81 118 284.571 148.74 135.831
84 118 284.74 149.74 135
83 117 287.536 147.447 140.089
84 117 290.154 150.154 140
81 116 290.514 144.74 145.774
83 116 290.533 145.447 145.086
81 115 294.867 144.119 150.748
84 114 296.119 141.119 155
82 114 296.441 141.119 155.322
82 113 299.224 138.912 160.312
84 112 303.619 138.619 165
82 112 303.922 138.619 165.303
84 111 306.912 136.912 170
82 111 307.206 136.912 170.294
84 110 310.912 135.912 175
82 110 311.197 135.912 175.285
84 109 314.912 134.912 180
82 109 315.189 134.912 180.278
84 108 318.912 133.912 185
82 108 319.182 133.912 185.27
84 107 322.912 132.912 190
82 107 323.175 132.912 190.263
84 106 326.912 131.912 195
82 106 327.168 131.912 195.256
84 105 330.912 130.912 200
82 105 331.162 130.912 200.25
84 104 334.912 129.912 205
82 104 335.155 129.912 205.244
84 103 338.912 128.912 210
82 103 339.15 128.912 210.238
82 102 343.144 127.912 215.232
84 101 346.912 126.912 220
82 101 347.139 126.912 220.227
85 100 350.553 125.497 225.056
85 99 354.552 124.497 230.054
83 99 354.552 124.497 230.054
82 99 357.129 126.912 230.217
83 98 359.136 124.083 235.053
84 97 362.083 122.083 240
84 96 366.083 121.083 245
86 96 366.287 121.083 245.204
84 95 370.083 120.083 250
86 95 370.283 120.083 250.2
86 94 374.279 119.083 255.196
86 93 378.276 118.083 260.192
86 92 382.858 117.669 265.189
85 91 385.715 115.669 270.046
83 91 386.422 116.376 270.046
86 91 388.268 118.083 270.185
83 90 389.714 114.669 275.045
85 90 390.422 115.376 275.045
83 89 393.385 113.341 280.045
82 89 393.433 113.255 280.179
85 89 394.799 114.755 280.045
82 88 397.43 112.255 285.175
85 88 400.42 115.376 285.044
82 87 401.427 111.255 290.172
84 86 404.926 109.926 295
82 86 406.51 111.341 295.169
85 85 408.882 108.841 300.042
82 85 411.421 111.255 300.167
83 84 412.882 107.841 305.041
85 84 413.589 108.548 305.041
82 83 416.588 106.426 310.161
85 83 417.467 107.426 310.04
82 82 420.292 105.134 315.159
85 81 422.344 102.305 320.039
85 82 423.587 108.548 315.04
82 81 423.961 103.805 320.156
85 80 424.636 99.598 325.038
83 80 425.344 100.305 325.038
82 79 427.628 97.4767 330.151
85 79 429.015 98.9767 330.038
82 80 429.58 104.426 325.154
85 77 433.185 93.1482 340.037
83 77 433.892 93.8553 340.037
83 76 436.184 91.1482 345.036
82 77 437.624 97.4767 340.147
85 75 439.684 89.6482 350.036
83 75 439.684 89.6482 350.036
83 74 442.648 87.6127 355.035
82 74 443.375 88.234 355.141
85 74 443.562 88.5269 355.035
85 73 446.147 86.1127 360.035
84 73 446.198 86.1985 360
82 73 447.752 87.6127 360.139
85 72 450.354 85.3198 365.034
83 72 450.354 85.3198 365.034
85 71 453.854 83.8198 370.034
85 70 457.146 82.1127 375.033
83 70 457.853 82.8198 375.033
83 69 461.353 81.3198 380.033
85 69 462.06 82.0269 380.033
85 68 464.852 79.8198 385.032
83 68 464.852 79.8198 385.032
83 67 467.816 77.7843 390.032
82 67 467.827 77.6985 390.128
85 67 469.231 79.1985 390.032
82 66 472.739 77.6127 395.127
84 65 475.406 75.4056 400
84 64 479.613 74.6127 405
82 64 479.736 74.6127 405.123
84 63 482.613 72.6127 410
84 62 485.406 70.4056 415
82 62 485.526 70.4056 415.12
82 61 488.818 68.6985 420.119
84 60 493.284 68.2843 425
80 59 496.335 65.8701 430.465
82 58 499.985 64.8701 435.115
83 58 502.313 67.2843 435.029
80 57 504.324 63.8701 440.454
82 56 507.982 62.8701 445.112
80 56 508.319 62.8701 445.449
82 55 512.567 62.4558 450.111
81 54 515.703 60.4558 455.247
79 54 516.142 60.4558 455.686
82 54 517.98 62.8701 455.11
81 53 519.7 59.4558 460.244
79 53 520.135 59.4558 460.679
79 52 524.127 58.4558 465.672
81 51 527.695 57.4558 470.239
79 51 528.827 58.163 470.664
82 50 531.854 56.7487 475.105
79 50 533.199 57.5416 475.657
80 49 535.13 54.7132 480.416
79 49 535.985 55.3345 480.651
82 49 536.232 56.1274 480.104
79 48 540.357 54.7132 485.644
80 47 543.707 53.299 490.408
79 47 545.265 54.6274 490.637
83 46 546.531 51.5061 495.025
83 45 549.824 49.799 500.025
81 45 550.024 49.799 500.225
81 44 555.108 49.8848 505.223
82 43 557.483 47.3848 510.098
84 43 558.092 48.0919 510
81 43 560.727 50.5061 510.221
85 42 561.702 46.6777 515.024
82 42 562.568 47.4706 515.097
85 41 565.58 45.5563 520.024
84 40 568.556 43.5563 525
82 40 569.359 44.2635 525.095
85 40 571.701 46.6777 525.024
84 39 572.556 42.5563 530
82 38 576.65 41.5563 535.093
84 38 577.263 42.2635 535
84 37 581.263 41.2635 540
82 36 584.32 39.2279 545.092
81 36 584.349 39.1421 545.206
84 36 585.142 40.1421 545
83 35 588.372 38.3492 550.023
81 35 588.554 38.3492 550.205
84 35 590.556 40.5563 550
83 34 591.872 36.8492 555.023
81 34 592.052 36.8492 555.203
83 33 594.836 34.8137 560.022
84 33 595.435 35.435 560
81 33 596.429 36.2279 560.201
85 32 598.336 33.3137 565.022
82 32 599.402 34.3137 565.089
81 32 602.048 36.8492 565.199
85 31 603.043 33.0208 570.022
83 31 603.043 33.0208 570.022
86 30 605.986 30.8995 575.087
85 30 606.007 30.9853 575.022
83 30 606.921 31.8995 575.022
85 28 613.507 28.4853 585.021
83 28 613.507 28.4853 585.021
86 28 616.692 31.6066 585.085
83 27 617.178 27.1569 590.021
82 27 617.863 27.7782 590.085
85 27 618.592 28.5711 590.021
84 26 621.778 26.7782 595
82 26 621.862 26.7782 595.084
85 26 624.213 29.1924 595.021
84 25 625.278 25.2782 600
82 25 625.361 25.2782 600.083
82 24 628.861 23.7782 605.083
82 22 635.824 20.7426 615.081
81 22 635.84 20.6569 615.183
84 22 636.657 21.6569 615
83 21 639.677 19.6569 620.02
81 21 639.838 19.6569 620.181
84 21 642.071 22.0711 620
83 20 643.677 18.6569 625.02
83 19 647.677 17.6569 630.02
81 19 647.835 17.6569 630.179
81 18 651.834 16.6569 635.177
83 17 655.676 15.6569 640.02
81 17 655.833 15.6569 640.176
83 16 659.676 14.6569 645.019
81 16 659.831 14.6569 645.174
83 14 667.676 12.6569 655.019
81 14 667.829 12.6569 655.172
81 13 672.413 12.2426 660.17
84 12 675.243 10.2426 665
82 12 675.318 10.2426 665.075
81 12 677.826 12.6569 665.169
84 11 679.243 9.24264 670
82 11 679.317 9.24264 670.075
82 10 683.317 8.24264 675.074
84 9 687.243 7.24264 680
82 9 687.316 7.24264 680.074
84 8 691.243 6.24264 685
82 8 691.316 6.24264 685.073
84 7 695.243 5.24264 690
82 7 695.315 5.24264 690.072
85 6 698.846 3.82843 695.018
82 6 699.9 4.82843 695.072
83 5 702.846 2.82843 700.018
82 5 705.314 5.24264 700.071
82 4 706.485 1.41421 705.071
84 3 711 1 710
85 3 712.846 2.82843 710.018
84 2 716.414 1.41421 715
82 2 716.484 1.41421 715.07
