84 144 114.765 113.765 1
84 143 114.765 112.765 2
84 142 114.765 111.765 3
81 110 114.773 78.53 36.2426
104 98 114.783 59.4987 55.2843
90 98 114.873 65.3878 49.4853
87 101 114.873 69.6305 45.2426
90 96 114.88 63.3952 51.4853
90 135 114.887 102.401 12.4853
89 136 114.887 103.815 11.0711
77 124 114.906 91.0064 23.8995
99 132 114.915 94.53 20.3848
107 104 114.915 64.3878 50.5269
85 139 114.937 108.523 6.41421
79 127 114.958 94.8866 20.0711
98 88 114.96 52.1614 62.799
86 138 114.972 107.144 7.82843
80 113 114.98 81.3229 33.6569
78 122 114.992 89.5064 25.4853
77 126 115.027 93.1277 21.8995
90 141 115.051 107.394 7.65685
107 109 115.07 69.5432 45.5269
109 122 115.08 80.5536 34.5269
83 106 115.116 75.7015 39.4142
97 137 115.137 98.8229 16.3137
94 138 115.137 102.237 12.8995
83 145 115.144 114.144 1
84 141 115.144 111.144 4
82 130 115.144 99.3155 15.8284
86 137 115.144 106.315 8.82843
81 136 115.144 104.901 10.2426
77 119 115.147 86.2475 28.8995
103 121 115.148 83.2784 31.8701
103 123 115.157 85.2873 29.8701
109 109 115.157 68.802 46.3553
102 94 115.187 56.731 58.4558
86 100 115.216 69.3878 45.8284
97 90 115.244 54.8597 60.3848
78 117 115.258 84.7726 30.4853
105 100 115.258 61.5594 53.6985
101 132 115.293 92.9086 22.3848
109 112 115.313 71.9574 43.3553
107 112 115.313 72.7858 42.5269
81 109 115.358 78.1157 37.2426
82 108 115.358 77.53 37.8284
90 136 115.379 103.894 11.4853
90 137 115.379 104.894 10.4853
102 129 115.415 90.7873 24.6274
79 119 115.426 87.3547 28.0711
91 141 115.429 106.773 8.65685
95 92 115.452 57.8952 57.5563
79 128 115.458 96.3866 19.0711
82 105 115.459 74.6305 40.8284
86 101 115.459 70.6305 44.8284
85 102 115.459 72.0447 43.4142
83 104 115.459 74.0447 41.4142
89 98 115.459 66.3878 49.0711
88 99 115.459 67.802 47.6569
86 139 115.472 108.644 6.82843
106 102 115.501 63.3878 52.1127
98 86 115.503 50.7043 64.799
87 138 115.523 107.28 8.24264
82 129 115.523 98.6942 16.8284
100 87 115.53 50.9025 64.6274
88 137 115.558 105.901 9.65685
80 135 115.558 103.901 11.6569
78 121 115.577 89.0921 26.4853
79 120 115.577 88.5064 27.0711
82 143 115.594 112.765 2.82843
82 142 115.594 111.765 3.82843
81 141 115.594 110.351 5.24264
81 140 115.594 109.351 6.24264
82 132 115.608 101.78 13.8284
102 131 115.622 91.8229 23.799
102 130 115.622 91.4086 24.2132
96 91 115.659 56.6881 58.9706
89 140 115.672 108.601 7.07107
91 95 115.709 62.8094 52.8995
92 95 115.709 62.3952 53.3137
108 105 115.743 65.802 49.9411
89 135 115.765 103.694 12.0711
100 88 115.789 52.1614 63.6274
80 112 115.858 81.2015 34.6569
105 126 115.864 86.9944 28.8701
95 137 115.879 101.565 14.3137
109 111 115.898 71.5432 44.3553
110 121 115.909 79.9678 35.9411
110 120 115.909 79.5536 36.3553
83 140 115.937 110.523 5.41421
102 93 115.937 56.481 59.4558
82 107 115.944 77.1157 38.8284
94 93 115.952 59.8094 56.1421
92 140 115.965 105.894 10.0711
104 124 115.986 86.7015 29.2843
78 127 115.993 95.5079 20.4853
98 85 116.003 50.2043 65.799
82 131 116.023 101.194 14.8284
80 128 116.043 97.3866 18.6569
85 101 116.045 71.6305 44.4142
83 103 116.045 73.6305 42.4142
82 145 116.058 114.058 2
88 138 116.058 107.401 8.65685
76 126 116.063 93.749 22.3137
106 101 116.086 62.9736 53.1127
108 113 116.141 74.2 41.9411
108 116 116.141 77.2 38.9411
108 117 116.141 78.2 37.9411
105 99 116.142 61.4433 54.6985
79 118 116.163 87.0921 29.0711
80 137 116.179 106.523 9.65685
105 98 116.197 60.4987 55.6985
110 119 116.207 79.4374 36.7696
103 128 116.243 90.2015 26.0416
90 95 116.295 63.8094 52.4853
100 86 116.332 50.7043 65.6274
92 141 116.344 106.687 9.65685
93 140 116.344 105.273 11.0711
97 89 116.366 54.981 61.3848
80 136 116.387 105.73 10.6569
101 90 116.401 54.3597 62.0416
96 90 116.409 56.4381 59.9706
105 128 116.45 88.4086 28.0416
91 134 116.465 102.565 13.8995
99 134 116.465 96.9086 19.5563
98 135 116.465 98.3229 18.1421
110 122 116.495 80.9678 35.5269
103 95 116.515 58.6452 57.8701
82 106 116.53 76.7015 39.8284
93 93 116.537 60.8094 55.7279
93 94 116.537 61.8094 54.7279
98 137 116.551 99.2371 17.3137
108 124 116.563 83.8642 32.6985
109 107 116.572 68.2163 48.3553
109 108 116.572 69.2163 47.3553
110 118 116.573 78.8036 37.7696
86 99 116.63 69.802 46.8284
109 123 116.65 82.5373 34.1127
99 135 116.672 97.53 19.1421
98 136 116.672 98.9442 17.7279
102 92 116.687 56.231 60.4558
96 137 116.793 101.48 15.3137
82 104 116.873 75.0447 41.8284
95 91 116.909 58.3523 58.5563
99 133 116.915 96.9442 19.9706
102 132 116.915 93.53 23.3848
85 141 116.937 112.523 4.41421
80 111 116.98 81.3229 35.6569
78 120 116.992 89.5064 27.4853
78 115 117.051 84.5655 32.4853
102 128 117.157 92.1157 25.0416
109 105 117.157 66.802 50.3553
98 84 117.159 50.3597 66.799
78 116 117.379 85.8939 31.4853
108 123 117.391 84.2784 33.1127
80 110 117.394 80.7371 36.6569
102 91 117.437 55.981 61.4558
83 102 117.459 74.0447 43.4142
95 138 117.465 103.565 13.8995
100 85 117.539 50.9114 66.6274
80 133 117.558 103.901 13.6569
98 82 117.753 48.9543 68.799
98 83 117.96 50.1614 67.799
76 124 118.77 94.4561 24.3137
100 83 118.789 50.1614 68.6274
98 81 118.96 49.1614 69.799
81 132 118.972 104.73 14.2426
100 81 119.082 48.4543 70.6274
100 82 119.289 49.6614 69.6274
98 80 119.409 48.6097 70.799
100 80 119.53 47.9025 71.6274
98 78 120.202 47.4025 72.799
98 77 120.952 47.1525 73.799
100 79 120.987 48.3597 72.6274
100 78 121.03 47.4025 73.6274
98 76 121.753 46.9543 74.799
100 77 121.78 47.1525 74.6274
100 76 122.582 46.9543 75.6274
98 75 122.909 47.1097 75.799
98 74 122.952 46.1525 76.799
98 73 123.702 45.9025 77.799
100 75 123.737 47.1097 76.6274
100 74 123.78 46.1525 77.6274
98 72 124.452 45.6525 78.799
98 71 125.202 45.4025 79.799
100 73 125.237 46.6097 78.6274
100 72 125.28 45.6525 79.6274
100 71 126.03 45.4025 80.6274
98 69 126.702 44.9025 81.799
100 70 126.78 45.1525 81.6274
98 68 127.503 44.7043 82.799
100 69 128.237 45.6097 82.6274
98 67 128.659 44.8597 83.799
98 66 128.702 43.9025 84.799
100 68 129.039 45.4114 83.6274
100 67 129.487 44.8597 84.6274
100 66 129.53 43.9025 85.6274
98 65 130.159 44.3597 85.799
98 64 130.202 43.4025 86.799
100 65 130.987 44.3597 86.6274
98 63 131.659 43.8597 87.799
100 64 131.737 44.1097 87.6274
100 63 131.78 43.1525 88.6274
98 61 132.452 42.6525 89.799
100 62 132.53 42.9025 89.6274
98 60 133.202 42.4025 90.799
98 59 133.952 42.1525 91.799
100 60 134.03 42.4025 91.6274
98 58 134.702 41.9025 92.799
100 59 134.78 42.1525 92.6274
100 58 135.53 41.9025 93.6274
98 56 136.202 41.4025 94.799
98 55 136.952 41.1525 95.799
100 56 137.03 41.4025 95.6274
100 55 137.78 41.1525 96.6274
98 53 138.452 40.6525 97.799
100 54 138.53 40.9025 97.6274
98 52 139.202 40.4025 98.799
100 53 139.28 40.6525 98.6274
100 52 140.03 40.4025 99.6274
98 51 140.659 40.8597 99.799
98 50 140.702 39.9025 100.799
100 51 140.78 40.1525 100.627
100 50 141.53 39.9025 101.627
98 49 142.159 40.3597 101.799
98 48 142.202 39.4025 102.799
100 49 142.28 39.6525 102.627
98 47 142.952 39.1525 103.799
100 48 143.03 39.4025 103.627
98 46 143.702 38.9025 104.799
100 47 143.78 39.1525 104.627
98 45 144.452 38.6525 105.799
98 44 145.202 38.4025 106.799
100 45 145.28 38.6525 106.627
100 44 146.03 38.4025 107.627
98 43 146.659 38.8597 107.799
98 42 147.409 38.6097 108.799
98 41 148.159 38.3597 109.799
98 40 148.202 37.4025 110.799
100 41 148.28 37.6525 110.627
100 40 149.03 37.4025 111.627
98 39 149.659 37.8597 111.799
98 38 149.702 36.9025 112.799
100 39 149.78 37.1525 112.627
98 37 150.452 36.6525 113.799
100 38 150.53 36.9025 113.627
100 36 152.03 36.4025 115.627
98 34 153.409 36.6097 116.799
100 34 153.53 35.9025 117.627
98 33 154.159 36.3597 117.799
100 33 154.28 35.6525 118.627
98 31 154.952 35.1525 119.799
100 32 155.03 35.4025 119.627
86 53 155.491 62.663 92.8284
88 47 155.491 55.8345 99.6569
87 50 155.491 59.2487 96.2426
79 36 155.491 44.4203 111.071
70 17 155.527 21.7279 133.799
70 21 155.527 25.7279 129.799
96 18 155.527 23.5563 131.971
95 17 155.527 22.9706 132.556
71 19 155.527 24.1421 131.385
71 20 155.527 25.1421 130.385
95 31 155.562 37.0061 118.556
70 26 155.562 30.7635 124.799
87 51 155.613 60.3701 95.2426
91 34 155.613 41.7132 113.899
75 4 155.627 10.8995 144.728
74 5 155.627 11.4853 144.142
92 8 155.627 15.3137 140.314
75 38 155.648 44.9203 110.728
75 37 155.648 43.9203 111.728
70 22 155.648 26.8492 128.799
70 29 155.684 33.8848 121.799
71 30 155.684 35.299 120.385
92 33 155.698 40.3848 115.314
80 50 155.734 59.0772 96.6569
80 54 155.734 63.0772 92.6569
81 56 155.734 65.4914 90.2426
82 59 155.734 68.9056 86.8284
86 59 155.734 68.9056 86.8284
89 39 155.734 47.663 108.071
73 38 155.77 44.2132 111.556
73 37 155.77 43.2132 112.556
100 31 155.78 35.1525 120.627
96 23 155.82 28.8492 126.971
76 37 155.855 44.5416 111.314
78 42 155.855 50.3701 105.485
94 13 155.87 19.7279 136.142
79 33 155.87 41.799 114.071
73 7 155.87 13.3137 142.556
81 42 155.956 51.7132 104.243
81 43 155.956 52.7132 103.243
91 2 155.971 10.0711 145.899
90 2 155.971 10.4853 145.485
72 35 155.977 41.0061 114.971
80 47 155.991 56.3345 99.6569
90 39 156.027 47.5416 108.485
74 32 156.027 38.8848 117.142
94 33 156.062 39.9203 116.142
88 44 156.077 53.4203 102.657
86 52 156.077 62.2487 93.8284
86 46 156.077 56.2487 99.8284
70 14 156.113 19.3137 136.799
96 20 156.113 26.1421 129.971
71 10 156.113 15.7279 140.385
71 17 156.113 22.7279 133.385
97 21 156.113 26.7279 129.385
95 16 156.113 22.5563 133.556
71 18 156.113 23.7279 132.385
75 39 156.148 46.4203 109.728
70 24 156.148 29.3492 126.799
97 33 156.184 38.799 117.385
79 35 156.198 44.1274 112.071
93 6 156.213 13.4853 142.728
99 29 156.223 34.0098 122.213
78 41 156.234 49.7487 106.485
79 42 156.234 51.163 105.071
96 24 156.234 30.2635 125.971
97 22 156.234 27.8492 128.385
95 23 156.234 29.6777 126.556
80 53 156.32 62.663 93.6569
81 55 156.32 65.0772 91.2426
82 58 156.32 68.4914 87.8284
86 58 156.32 68.4914 87.8284
91 37 156.32 45.4203 110.899
97 19 156.355 24.9706 131.385
97 23 156.355 28.9706 127.385
97 25 156.355 30.9706 125.385
97 31 156.391 37.0061 119.385
79 34 156.406 43.3345 113.071
94 32 156.441 39.299 117.142
77 36 156.441 44.5416 111.899
91 38 156.441 46.5416 109.899
77 39 156.441 47.5416 108.899
79 49 156.441 58.3701 98.0711
94 10 156.456 17.3137 139.142
73 6 156.456 12.8995 143.556
70 25 156.477 30.6777 125.799
71 26 156.477 32.0919 124.385
100 30 156.521 34.8937 121.627
90 0 156.556 9.07107 147.485
91 39 156.562 47.663 108.899
88 46 156.577 55.9203 100.657
70 28 156.598 33.799 122.799
94 30 156.648 37.5061 119.142
92 30 156.648 38.3345 118.314
75 33 156.648 40.9203 115.728
70 13 156.698 18.8995 137.799
71 9 156.698 15.3137 141.385
72 8 156.698 14.7279 141.971
71 12 156.698 18.3137 138.385
94 14 156.698 21.5563 135.142
71 14 156.698 20.3137 136.385
80 44 156.784 54.1274 102.657
86 48 156.784 58.9558 97.8284
85 51 156.784 62.3701 94.4142
82 49 156.784 59.9558 96.8284
93 5 156.799 13.0711 143.728
91 3 156.799 11.8995 144.899
92 4 156.799 12.4853 144.314
79 48 156.82 57.7487 99.0711
96 33 156.891 39.9203 116.971
97 32 156.891 38.5061 118.385
81 51 156.906 61.663 95.2426
90 35 156.906 44.4203 112.485
96 17 156.941 23.9706 132.971
70 32 157.012 38.2132 118.799
74 4 157.042 11.8995 145.142
92 7 157.042 15.7279 141.314
98 30 157.098 36.299 120.799
78 40 157.148 49.663 107.485
71 11 157.284 17.8995 139.385
94 11 157.284 19.1421 138.142
94 12 157.284 20.1421 137.142
87 41 157.37 52.1274 105.243
79 46 157.406 56.3345 101.071
99 27 157.482 33.2687 124.213
99 28 157.482 34.2687 123.213
88 45 157.491 55.8345 101.657
95 15 157.527 22.9706 134.556
97 20 157.527 27.1421 130.385
75 2 157.627 10.8995 146.728
79 50 157.648 60.5772 97.0711
92 31 157.698 40.3848 117.314
71 35 157.719 42.3345 115.385
91 36 157.734 45.8345 111.899
77 37 157.734 46.8345 110.899
79 47 157.734 57.663 100.071
80 52 157.734 63.0772 94.6569
81 54 157.734 65.4914 92.2426
86 54 157.734 65.9056 91.8284
82 56 157.734 67.9056 89.8284
70 23 157.77 29.9706 127.799
97 18 157.77 25.3848 132.385
94 9 157.87 17.7279 140.142
73 5 157.87 13.3137 144.556
70 31 157.891 38.0919 119.799
71 34 157.891 41.5061 116.385
98 26 157.891 33.0919 124.799
91 0 157.971 10.0711 147.899
70 12 158.113 19.3137 138.799
88 43 158.198 54.5416 103.657
87 48 158.198 59.9558 98.2426
76 0 158.213 9.89949 148.314
75 1 158.213 10.4853 147.728
92 3 158.213 12.8995 145.314
93 4 158.213 13.4853 144.728
80 43 158.577 54.9203 103.657
70 27 158.719 34.9203 123.799
71 33 159.012 41.6274 117.385
79 44 159.406 56.3345 103.071
