12 109 103.531 103.531 0
23 128 103.548 103.548 0
7 132 103.548 103.548 0
29 126 103.555 103.555 0
21 128 103.555 103.555 0
37 153 103.555 103.555 0
5 132 103.555 103.555 0
30 125 103.594 103.594 0
84 147 103.596 103.596 0
54 156 103.607 103.607 0
28 121 103.608 103.608 0
20 149 103.626 103.626 0
19 115 103.629 103.629 0
2 145 103.634 103.634 0
81 144 103.635 103.635 0
61 149 103.637 103.637 0
2 90 103.641 103.641 0
60 153 103.678 103.678 0
59 154 103.678 103.678 0
23 119 103.679 103.679 0
25 119 103.679 103.679 0
84 146 103.682 103.682 0
84 148 103.682 103.682 0
84 150 103.682 103.682 0
85 147 103.682 103.682 0
15 148 103.712 103.712 0
11 147 103.712 103.712 0
70 143 103.719 103.719 0
5 146 103.719 103.719 0
9 131 103.719 103.719 0
35 154 103.727 103.727 0
47 157 103.727 103.727 0
17 113 103.758 103.758 0
60 152 103.764 103.764 0
60 151 103.764 103.764 0
29 123 103.765 103.765 0
52 157 103.778 103.778 0
50 157 103.778 103.778 0
26 127 103.798 103.798 0
14 130 103.798 103.798 0
22 150 103.798 103.798 0
30 152 103.798 103.798 0
6 146 103.798 103.798 0
8 146 103.798 103.798 0
42 155 103.798 103.798 0
10 147 103.798 103.798 0
14 148 103.798 103.798 0
63 146 103.801 103.801 0
0 145 103.805 103.805 0
82 146 103.807 103.807 0
81 145 103.807 103.807 0
86 158 103.839 103.839 0
85 154 103.839 103.839 0
72 143 103.841 103.841 0
13 110 103.844 103.844 0
17 149 103.884 103.884 0
1 133 103.884 103.884 0
2 103 103.892 103.892 0
63 148 103.894 103.894 0
75 143 103.926 103.926 0
3 104 103.928 103.928 0
1 86 103.934 103.934 0
12 130 103.969 103.969 0
28 126 103.969 103.969 0
38 153 103.969 103.969 0
4 132 103.969 103.969 0
20 128 103.969 103.969 0
16 129 103.969 103.969 0
18 129 103.969 103.969 0
1 97 103.978 103.978 0
84 152 104.011 104.011 0
68 143 104.012 104.012 0
16 113 104.015 104.015 0
55 156 104.021 104.021 0
27 121 104.023 104.023 0
39 154 104.04 104.04 0
79 143 104.049 104.049 0
3 132 104.055 104.055 0
85 155 104.096 104.096 0
26 151 104.126 104.126 0
18 149 104.126 104.126 0
20 117 104.129 104.129 0
85 153 104.132 104.132 0
24 127 104.134 104.134 0
8 131 104.134 104.134 0
4 146 104.134 104.134 0
0 133 104.134 104.134 0
45 156 104.141 104.141 0
36 154 104.141 104.141 0
34 154 104.141 104.141 0
6 108 104.153 104.153 0
13 109 104.153 104.153 0
29 124 104.179 104.179 0
53 157 104.193 104.193 0
51 157 104.193 104.193 0
11 110 104.203 104.203 0
0 83 104.203 104.203 0
21 150 104.212 104.212 0
41 155 104.212 104.212 0
13 130 104.212 104.212 0
25 127 104.212 104.212 0
6 109 104.239 104.239 0
18 115 104.251 104.251 0
86 159 104.253 104.253 0
58 155 104.264 104.264 0
24 120 104.265 104.265 0
16 149 104.298 104.298 0
84 149 104.304 104.304 0
10 130 104.305 104.305 0
28 122 104.351 104.351 0
4 107 104.36 104.36 0
49 158 104.364 104.364 0
7 147 104.384 104.384 0
15 129 104.384 104.384 0
43 156 104.384 104.384 0
9 147 104.384 104.384 0
11 130 104.384 104.384 0
19 128 104.384 104.384 0
27 126 104.384 104.384 0
1 146 104.391 104.391 0
2 94 104.41 104.41 0
85 157 104.425 104.425 0
84 153 104.425 104.425 0
65 143 104.426 104.426 0
56 156 104.435 104.435 0
26 121 104.437 104.437 0
38 154 104.455 104.455 0
2 132 104.469 104.469 0
20 118 104.508 104.508 0
21 119 104.508 104.508 0
76 143 104.548 104.548 0
23 127 104.548 104.548 0
21 127 104.555 104.555 0
45 157 104.555 104.555 0
37 154 104.555 104.555 0
57 155 104.557 104.557 0
0 81 104.582 104.582 0
17 114 104.586 104.586 0
29 125 104.594 104.594 0
62 149 104.601 104.601 0
54 157 104.607 104.607 0
12 148 104.626 104.626 0
20 150 104.626 104.626 0
19 116 104.629 104.629 0
71 143 104.634 104.634 0
77 143 104.634 104.634 0
64 144 104.637 104.637 0
15 113 104.637 104.637 0
25 120 104.679 104.679 0
23 120 104.679 104.679 0
27 152 104.712 104.712 0
11 148 104.712 104.712 0
2 104 104.721 104.721 0
12 111 104.722 104.722 0
14 113 104.722 104.722 0
78 142 104.756 104.756 0
28 123 104.765 104.765 0
22 151 104.798 104.798 0
26 126 104.798 104.798 0
44 156 104.798 104.798 0
42 156 104.798 104.798 0
2 146 104.805 104.805 0
0 146 104.805 104.805 0
1 85 104.812 104.812 0
12 110 104.824 104.824 0
74 144 104.841 104.841 0
72 144 104.841 104.841 0
1 132 104.884 104.884 0
20 119 104.922 104.922 0
83 146 104.928 104.928 0
81 146 104.928 104.928 0
68 144 105.012 105.012 0
66 144 105.012 105.012 0
63 149 105.015 105.015 0
63 147 105.015 105.015 0
2 92 105.031 105.031 0
2 88 105.055 105.055 0
1 98 105.064 105.064 0
1 101 105.185 105.185 0
4 108 105.188 105.188 0
2 93 105.239 105.239 0
78 143 105.255 105.255 0
64 145 105.258 105.258 0
1 87 105.262 105.262 0
0 84 105.262 105.262 0
8 110 105.289 105.289 0
1 96 105.307 105.307 0
12 112 105.344 105.344 0
59 155 105.385 105.385 0
64 146 105.508 105.508 0
6 110 105.531 105.531 0
79 144 105.549 105.549 0
57 156 105.557 105.557 0
13 113 106.051 106.051 0
1 95 106.1 106.1 0
9 110 106.117 106.117 0
7 110 106.117 106.117 0
