2 146 150.086 147.086 2.23607
2 144 150.086 145.086 5
2 143 150.086 144.086 6
10 39 150.097 32.0971 118
5 111 150.108 109.108 41
5 110 150.108 108.108 42
4 113 150.108 112.108 38
4 117 150.108 116.108 34
3 110 150.108 110.108 40
3 111 150.108 111.108 39
3 113 150.108 113.108 37
3 114 150.108 114.108 36
13 27 150.142 17.1421 133
12 28 150.142 19.1421 131
11 26 150.142 18.1421 132
4 127 150.187 126.187 24
3 125 150.187 125.187 25
8 66 150.209 61.2089 89
8 64 150.209 59.2089 91
8 63 150.209 58.2089 92
8 62 150.209 57.2089 93
6 69 150.209 66.2089 84
5 76 150.209 74.2089 76
4 77 150.209 76.2089 74
4 69 150.209 68.2089 82
5 82 150.209 80.2089 70
0 8 150.243 9.24264 141
10 14 150.243 7.24264 143
11 46 150.309 38.3094 112
10 47 150.309 40.3094 110
8 47 150.309 42.3094 108
12 32 150.385 23.3848 127
9 31 150.385 25.3848 125
4 132 150.429 131.429 19
3 132 150.429 132.429 18
7 75 150.452 71.4515 79
7 74 150.452 70.4515 80
7 73 150.452 69.4515 81
7 94 150.452 90.4515 60
7 93 150.452 89.4515 61
5 94 150.452 92.4515 58
12 20 150.485 11.4853 139
10 16 150.485 9.48528 141
10 52 150.552 45.552 105
9 56 150.552 50.552 100
9 53 150.552 47.552 103
9 52 150.552 46.552 104
8 57 150.552 52.552 98
4 120 150.617 119.617 31
11 36 150.627 28.6274 122
10 38 150.627 31.6274 119
3 141 150.672 141.672 9
5 102 150.694 100.694 50
5 101 150.694 99.6942 51
5 109 150.694 107.694 43
4 112 150.694 111.694 39
4 107 150.694 106.694 44
4 126 150.773 125.773 25
8 61 150.795 56.7947 94
6 68 150.795 65.7947 85
6 63 150.795 60.7947 90
7 59 150.795 55.7947 95
5 61 150.795 59.7947 91
5 64 150.795 62.7947 88
5 65 150.795 63.7947 87
2 148 150.915 149.915 1
0 148 150.915 149.915 1
0 147 150.915 148.915 2
11 29 150.971 21.9706 129
8 37 151.006 33.0061 118
4 131 151.015 131.015 20
8 72 151.037 68.0373 83
8 71 151.037 67.0373 84
8 69 151.037 65.0373 86
8 68 151.037 64.0373 87
6 78 151.037 76.0373 75
7 89 151.037 86.0373 65
6 84 151.037 82.0373 69
12 19 151.071 11.0711 140
9 12 151.071 7.07107 144
7 10 151.071 7.07107 144
11 17 151.071 10.0711 141
11 50 151.138 43.1378 108
11 49 151.138 42.1378 109
10 51 151.138 45.1378 106
11 35 151.213 28.2132 123
10 37 151.213 31.2132 120
10 33 151.213 27.2132 124
9 35 151.213 30.2132 121
3 137 151.258 138.258 13
3 140 151.258 141.258 10
6 98 151.28 96.28 55
4 105 151.28 105.28 46
5 99 151.28 98.28 53
4 106 151.28 106.28 45
12 22 151.314 14.3137 137
9 60 151.38 55.3805 96
9 59 151.38 54.3805 97
5 125 151.446 124.446 27
5 124 151.446 123.446 28
5 122 151.446 121.446 30
9 40 151.481 35.481 116
0 146 151.501 148.501 3
3 146 151.501 147.501 4
4 119 151.501 119.501 32
4 115 151.523 115.523 36
4 116 151.523 116.523 35
9 39 151.536 34.5364 117
12 27 151.556 19.5563 132
6 77 151.623 75.6231 76
5 70 151.623 69.6231 82
5 81 151.623 80.6231 71
6 83 151.623 81.6231 70
5 72 151.623 71.6231 80
5 73 151.623 72.6231 79
5 75 151.623 74.6231 77
3 8 151.657 9.65685 142
1 7 151.657 10.6569 141
2 8 151.657 10.6569 141
8 10 151.657 6.65685 145
9 11 151.657 6.65685 145
10 13 151.657 7.65685 144
10 46 151.724 40.7236 111
9 48 151.724 43.7236 108
10 32 151.799 26.799 125
7 97 151.866 94.8657 57
6 95 151.866 93.8657 58
13 23 151.899 14.8995 137
9 58 151.966 53.9663 98
8 56 151.966 52.9663 99
5 121 152.031 121.031 31
5 108 152.108 108.108 44
4 114 152.108 115.108 37
4 111 152.108 112.108 40
13 25 152.142 17.1421 135
4 125 152.187 126.187 26
8 60 152.209 57.2089 95
6 66 152.209 65.2089 87
6 67 152.209 66.2089 86
6 62 152.209 61.2089 91
11 44 152.309 38.3094 114
12 30 152.385 23.3848 129
4 130 152.429 131.429 21
7 85 152.452 83.4515 69
7 86 152.452 84.4515 68
7 87 152.452 85.4515 67
7 88 152.452 86.4515 66
7 90 152.452 88.4515 64
11 16 152.485 10.4853 142
12 18 152.485 11.4853 141
11 34 152.627 28.6274 124
3 134 152.672 136.672 16
3 135 152.672 137.672 15
3 136 152.672 138.672 14
3 138 152.672 140.672 12
3 139 152.672 141.672 11
4 104 152.694 105.694 47
5 98 152.694 98.6942 54
5 107 152.694 107.694 45
12 21 152.728 14.7279 138
13 24 152.728 16.7279 136
10 41 152.895 36.8952 116
11 43 152.895 37.8952 115
6 82 153.037 82.0373 71
7 84 153.037 83.0373 70
6 76 153.037 76.0373 77
9 10 153.071 7.07107 146
7 9 153.071 8.07107 145
0 7 153.071 11.0711 142
2 7 153.071 11.0711 142
11 47 153.138 42.1378 111
7 96 153.28 95.28 58
13 22 153.314 15.3137 138
9 57 153.38 54.3805 99
5 120 153.446 121.446 32
