83 144 217.245 210.174 7.07107
85 145 217.881 212.881 5
83 145 217.881 212.881 5
85 144 217.952 210.881 7.07107
83 143 220.245 208.174 12.0711
85 143 220.952 208.881 12.0711
83 142 223.245 206.174 17.0711
85 142 223.952 206.881 17.0711
83 141 226.245 204.174 22.0711
85 141 226.952 204.881 22.0711
83 140 229.952 202.881 27.0711
83 139 232.245 200.174 32.0711
85 139 232.952 200.881 32.0711
85 138 235.952 198.881 37.0711
83 138 235.952 198.881 37.0711
83 137 238.038 195.967 42.0711
85 137 238.745 196.674 42.0711
85 136 242.952 195.881 47.0711
83 136 242.952 195.881 47.0711
83 135 244.002 191.931 52.0711
85 135 247.124 195.053 52.0711
85 134 248.709 191.638 57.0711
82 134 251.073 191.931 59.1421
85 133 251.709 189.638 62.0711
83 133 251.709 189.638 62.0711
85 132 254.002 186.931 67.0711
83 132 254.002 186.931 67.0711
85 131 257.002 184.931 72.0711
82 133 257.195 193.053 64.1421
85 130 260.002 182.931 77.0711
83 130 260.709 183.638 77.0711
83 129 261.553 179.481 82.0711
85 129 264.881 182.81 82.0711
82 129 264.952 180.81 84.1421
85 128 265.053 177.981 87.0711
85 127 269.26 177.189 92.0711
85 126 272.053 174.981 97.0711
83 126 272.053 174.981 97.0711
82 127 274.245 180.103 94.1421
83 125 274.81 172.739 102.071
85 125 276.431 174.36 102.071
82 125 277.709 173.567 104.142
85 124 277.81 170.739 107.071
85 123 281.81 169.739 112.071
83 123 281.81 169.739 112.071
82 124 281.881 172.739 109.142
85 122 285.103 168.032 117.071
83 122 285.103 168.032 117.071
82 123 287.002 172.86 114.142
83 121 289.103 167.032 122.071
85 121 289.81 167.739 122.071
85 120 293.655 166.584 127.071
85 119 297.322 165.251 132.071
83 119 297.499 165.428 132.071
83 118 301.853 164.782 137.071
83 117 305.317 163.246 142.071
85 117 306.439 164.368 142.071
82 117 308.217 164.075 144.142
84 116 308.246 163.246 145
82 116 309.56 160.418 149.142
81 116 311.752 160.539 151.213
85 114 314.989 157.918 157.071
82 114 316.06 156.918 159.142
81 115 316.131 159.918 156.213
85 113 316.868 154.796 162.071
83 112 318.953 151.882 167.071
82 113 320.439 156.296 164.142
85 111 322.953 150.882 172.071
83 111 322.953 150.882 172.071
82 112 326.767 157.625 169.142
85 110 326.953 149.882 177.071
83 110 326.953 149.882 177.071
83 109 330.953 148.882 182.071
85 108 334.953 147.882 187.071
83 108 334.953 147.882 187.071
83 107 338.953 146.882 192.071
83 106 342.953 145.882 197.071
85 105 346.953 144.882 202.071
83 105 346.953 144.882 202.071
85 104 350.953 143.882 207.071
83 104 350.953 143.882 207.071
83 103 354.125 142.054 212.071
85 103 355.539 143.468 212.071
82 103 356.61 142.468 214.142
85 102 358.125 141.054 217.071
82 102 361.196 142.054 219.142
83 101 361.296 139.225 222.071
85 101 362.711 140.64 222.071
82 101 363.782 139.64 224.142
85 100 365.296 138.225 227.071
85 99 369.296 137.225 232.071
83 99 369.296 137.225 232.071
83 98 373.296 136.225 237.071
82 99 373.782 139.64 234.142
85 97 377.296 135.225 242.071
85 96 381.296 134.225 247.071
83 96 381.296 134.225 247.071
85 95 384.468 132.397 252.071
86 95 386.953 132.811 254.142
86 94 390.953 131.811 259.142
83 94 391.296 134.225 257.071
86 93 394.953 130.811 264.142
86 92 399.539 130.397 269.142
85 91 400.468 128.397 272.071
83 91 401.175 129.104 272.071
83 90 404.468 127.397 277.071
86 91 404.953 130.811 274.142
85 90 405.175 128.104 277.071
83 89 408.14 126.069 282.071
85 89 409.554 127.483 282.071
82 89 410.125 125.983 284.142
82 88 414.125 124.983 289.142
85 88 415.175 128.104 287.071
85 87 416.347 124.276 292.071
83 86 418.433 121.361 297.071
82 87 418.711 124.569 294.142
85 85 422.433 120.361 302.071
82 86 424.832 125.69 299.142
83 84 426.433 119.361 307.071
85 84 427.14 120.069 307.071
85 83 431.018 118.947 312.071
82 83 432.089 117.947 314.142
82 82 435.796 116.654 319.142
85 81 435.897 113.826 322.071
85 82 437.14 120.069 317.071
85 80 438.19 111.119 327.071
83 80 438.897 111.826 327.071
82 81 439.468 115.326 324.142
85 79 442.569 110.497 332.071
82 79 443.14 108.997 334.142
82 80 445.089 115.947 329.142
85 77 446.74 104.669 342.071
83 77 447.447 105.376 342.071
83 76 449.74 102.669 347.071
82 77 453.14 108.997 344.142
85 75 453.24 101.169 352.071
83 75 453.24 101.169 352.071
85 74 456.74 99.669 357.071
83 74 457.447 100.376 357.071
85 73 459.533 97.4619 362.071
83 73 459.533 97.4619 362.071
85 72 463.74 96.669 367.071
83 72 463.74 96.669 367.071
85 71 467.24 95.169 372.071
85 70 470.533 93.4619 377.071
83 70 471.24 94.169 377.071
83 69 474.74 92.669 382.071
85 69 475.447 93.3762 382.071
85 68 478.24 91.169 387.071
83 68 478.24 91.169 387.071
83 67 481.205 89.1335 392.071
85 67 482.619 90.5477 392.071
82 67 483.19 89.0477 394.142
85 65 487.705 85.6335 402.071
82 66 488.276 89.1335 399.142
83 65 488.412 86.3406 402.071
85 64 490.705 83.6335 407.071
83 64 490.705 83.6335 407.071
85 63 493.705 81.6335 412.071
83 63 494.412 82.3406 412.071
83 62 495.962 78.8909 417.071
85 62 498.583 81.5122 417.071
82 62 498.654 79.5122 419.142
82 61 501.947 77.8051 424.142
84 60 502.391 77.3909 425
85 61 503.705 81.6335 422.071
85 58 510.634 73.5624 437.071
82 58 513.705 74.5624 439.142
85 57 514.634 72.5624 442.071
83 57 514.634 72.5624 442.071
81 58 517.604 76.3909 441.213
85 56 518.634 71.5624 447.071
83 56 518.634 71.5624 447.071
85 55 522.634 70.5624 452.071
83 55 522.634 70.5624 452.071
83 54 525.805 68.734 457.071
82 54 528.29 69.1482 459.142
83 52 532.977 65.9056 467.071
85 52 534.391 67.3198 467.071
82 52 535.462 66.3198 469.142
82 51 539.462 65.3198 474.142
85 51 540.512 68.4411 472.071
85 50 541.684 64.6127 477.071
82 50 544.548 65.4056 479.142
85 49 544.977 62.9056 482.071
83 49 545.684 63.6127 482.071
85 48 549.684 62.6127 487.071
82 49 550.169 66.0269 484.142
85 47 552.977 60.9056 492.071
85 46 557.891 60.8198 497.071
83 46 557.891 60.8198 497.071
85 45 558.734 56.663 502.071
86 45 561.426 57.2843 504.142
83 45 561.562 59.4914 502.071
83 43 563.284 51.2132 512.071
82 43 565.77 51.6274 514.142
86 44 565.805 56.663 509.142
85 43 566.406 54.3345 512.071
85 42 567.991 50.9203 517.071
82 42 570.855 51.7132 519.142
85 41 571.284 49.2132 522.071
86 43 571.426 57.2843 514.142
83 40 575.284 48.2132 527.071
85 40 575.991 48.9203 527.071
85 39 579.491 47.4203 532.071
83 39 579.491 47.4203 532.071
85 38 582.491 45.4203 537.071
83 38 582.491 45.4203 537.071
83 37 585.284 43.2132 542.071
85 37 585.991 43.9203 542.071
85 36 589.284 42.2132 547.071
83 36 589.284 42.2132 547.071
83 35 593.284 41.2132 552.071
85 35 593.991 41.9203 552.071
85 34 598.198 41.1274 557.071
83 34 598.198 41.1274 557.071
83 33 599.749 37.6777 562.071
82 33 601.734 37.5919 564.142
85 33 602.37 40.299 562.071
85 32 603.249 36.1777 567.071
82 32 606.32 37.1777 569.142
85 31 607.956 35.8848 572.071
83 31 607.956 35.8848 572.071
85 30 610.92 33.8492 577.071
83 30 611.835 34.7635 577.071
86 30 612.906 33.7635 579.142
85 28 618.42 31.3492 587.071
83 28 618.42 31.3492 587.071
85 27 623.335 31.2635 592.071
83 27 623.335 31.2635 592.071
86 28 623.613 34.4706 589.142
83 26 625.42 28.3492 597.071
85 26 626.127 29.0563 597.071
83 25 628.385 26.3137 602.071
85 25 630.506 28.435 602.071
82 25 631.077 26.935 604.142
82 24 634.577 25.435 609.142
85 24 636.127 29.0563 607.071
83 22 639.385 22.3137 617.071
85 22 640.092 23.0208 617.071
85 21 643.385 21.3137 622.071
83 21 643.385 21.3137 622.071
82 22 644.577 25.435 619.142
85 20 647.385 20.3137 627.071
83 20 647.385 20.3137 627.071
85 19 651.385 19.3137 632.071
83 19 651.385 19.3137 632.071
85 18 655.385 18.3137 637.071
85 17 659.385 17.3137 642.071
83 17 659.385 17.3137 642.071
83 16 663.385 16.3137 647.071
85 15 667.385 15.3137 652.071
85 14 670.556 13.4853 657.071
83 14 671.971 14.8995 657.071
86 13 677.627 13.4853 664.142
85 12 678.556 11.4853 667.071
83 12 678.556 11.4853 667.071
83 11 681.728 9.65685 672.071
86 12 683.042 13.8995 669.142
85 11 683.142 11.0711 672.071
82 11 684.213 10.0711 674.142
82 10 688.799 9.65685 679.142
83 9 689.728 7.65685 682.071
85 8 693.728 6.65685 687.071
83 8 693.728 6.65685 687.071
82 9 694.213 10.0711 684.142
83 7 696.899 4.82843 692.071
85 7 698.314 6.24264 692.071
82 7 699.385 5.24264 694.142
85 6 700.899 3.82843 697.071
82 6 703.971 4.82843 699.142
83 5 704.899 2.82843 702.071
82 5 709.385 5.24264 704.142
82 4 710.556 1.41421 709.142
84 3 711 1 710
85 3 714.899 2.82843 712.071
84 2 716.414 1.41421 715
82 2 720.556 1.41421 719.142
