83 3 712.071 0 712.071
83 3 712.071 0 712.071
83 3 712.071 0 712.071
83 3 712.071 0 712.071
83 3 712.071 0 712.071
83 3 712.071 0 712.071
84 4 706.414 1.41421 705
84 4 706.414 1.41421 705
84 4 706.414 1.41421 705
84 5 702.414 2.41421 700
84 5 702.414 2.41421 700
83 6 700.899 3.82843 697.071
83 6 700.899 3.82843 697.071
83 6 700.899 3.82843 697.071
83 6 700.899 3.82843 697.071
83 6 700.899 3.82843 697.071
84 7 695.243 5.24264 690
84 7 695.243 5.24264 690
84 7 695.243 5.24264 690
84 7 695.243 5.24264 690
84 8 691.243 6.24264 685
84 8 691.243 6.24264 685
84 9 687.243 7.24264 680
83 10 685.728 8.65685 677.071
83 10 685.728 8.65685 677.071
83 10 685.728 8.65685 677.071
83 10 685.728 8.65685 677.071
83 10 685.728 8.65685 677.071
84 11 680.071 10.0711 670
84 11 680.071 10.0711 670
84 11 680.071 10.0711 670
84 11 680.071 10.0711 670
84 12 676.071 11.0711 665
85 13 674.556 12.4853 662.071
85 13 674.556 12.4853 662.071
85 13 674.556 12.4853 662.071
85 13 674.556 12.4853 662.071
84 14 668.899 13.8995 655
84 14 668.899 13.8995 655
84 14 668.899 13.8995 655
84 15 664.899 14.8995 650
84 15 664.899 14.8995 650
84 16 660.899 15.8995 645
84 16 660.899 15.8995 645
84 16 660.899 15.8995 645
84 17 656.899 16.8995 640
84 17 656.899 16.8995 640
84 18 652.899 17.8995 635
84 18 652.899 17.8995 635
84 18 652.899 17.8995 635
84 19 648.899 18.8995 630
84 19 648.899 18.8995 630
84 19 648.899 18.8995 630
84 20 644.899 19.8995 625
84 20 644.899 19.8995 625
84 20 644.899 19.8995 625
84 21 640.899 20.8995 620
84 21 640.899 20.8995 620
84 21 640.899 20.8995 620
84 22 636.899 21.8995 615
83 23 635.385 23.3137 612.071
83 23 635.385 23.3137 612.071
83 23 635.385 23.3137 612.071
83 24 631.885 24.8137 607.071
83 24 631.885 24.8137 607.071
83 24 631.885 24.8137 607.071
84 25 626.935 26.935 600
84 25 626.935 26.935 600
84 25 626.935 26.935 600
84 25 626.935 26.935 600
84 25 626.935 26.935 600
84 26 623.435 28.435 595
84 26 623.435 28.435 595
84 26 623.435 28.435 595
84 27 619.935 29.935 590
84 27 619.935 29.935 590
84 27 619.935 29.935 590
84 28 615.935 30.935 585
85 29 614.42 32.3492 582.071
85 29 614.42 32.3492 582.071
85 29 614.42 32.3492 582.071
85 29 614.42 32.3492 582.071
84 30 608.763 33.7635 575
84 30 608.763 33.7635 575
84 30 608.763 33.7635 575
84 30 608.763 33.7635 575
84 31 604.763 34.7635 570
84 31 604.763 34.7635 570
83 32 603.249 36.1777 567.071
83 32 603.249 36.1777 567.071
83 32 603.249 36.1777 567.071
83 32 603.249 36.1777 567.071
84 33 598.299 38.299 560
84 33 598.299 38.299 560
84 33 598.299 38.299 560
84 33 598.299 38.299 560
84 34 594.799 39.799 555
84 34 594.799 39.799 555
84 34 594.799 39.799 555
84 35 590.799 40.799 550
84 35 590.799 40.799 550
84 35 590.799 40.799 550
84 36 586.799 41.799 545
84 36 586.799 41.799 545
84 36 586.799 41.799 545
84 37 583.299 43.299 540
84 37 583.299 43.299 540
84 37 583.299 43.299 540
84 38 580.299 45.299 535
84 38 580.299 45.299 535
84 38 580.299 45.299 535
84 39 576.799 46.799 530
84 39 576.799 46.799 530
84 39 576.799 46.799 530
84 40 572.799 47.799 525
84 40 572.799 47.799 525
84 41 568.799 48.799 520
84 41 568.799 48.799 520
83 42 567.284 50.2132 517.071
83 42 567.284 50.2132 517.071
83 42 567.284 50.2132 517.071
83 42 567.284 50.2132 517.071
84 43 562.335 52.3345 510
84 43 562.335 52.3345 510
85 44 562.234 55.163 507.071
85 44 562.234 55.163 507.071
85 44 562.234 55.163 507.071
85 44 562.234 55.163 507.071
85 44 562.234 55.163 507.071
84 45 557.991 57.9914 500
84 45 557.991 57.9914 500
84 45 557.991 57.9914 500
84 45 557.991 57.9914 500
84 46 554.491 59.4914 495
84 46 554.491 59.4914 495
84 47 550.491 60.4914 490
84 47 550.491 60.4914 490
84 48 546.491 61.4914 485
84 48 546.491 61.4914 485
84 48 546.491 61.4914 485
84 49 542.491 62.4914 480
84 49 542.491 62.4914 480
83 50 540.977 63.9056 477.071
83 50 540.977 63.9056 477.071
83 50 540.977 63.9056 477.071
83 50 540.977 63.9056 477.071
83 51 536.977 64.9056 472.071
83 51 536.977 64.9056 472.071
83 51 536.977 64.9056 472.071
84 52 531.32 66.3198 465
84 52 531.32 66.3198 465
84 52 531.32 66.3198 465
83 53 529.805 67.734 462.071
83 53 529.805 67.734 462.071
83 53 529.805 67.734 462.071
84 54 524.148 69.1482 455
84 54 524.148 69.1482 455
84 54 524.148 69.1482 455
84 55 520.148 70.1482 450
84 55 520.148 70.1482 450
84 55 520.148 70.1482 450
84 56 516.148 71.1482 445
84 56 516.148 71.1482 445
84 56 516.148 71.1482 445
84 57 512.148 72.1482 440
84 57 512.148 72.1482 440
84 57 512.148 72.1482 440
83 58 510.634 73.5624 437.071
83 58 510.634 73.5624 437.071
82 59 509.119 74.9767 434.142
82 59 509.119 74.9767 434.142
83 60 503.462 76.3909 427.071
83 60 503.462 76.3909 427.071
83 60 503.462 76.3909 427.071
83 61 499.462 77.3909 422.071
83 61 499.462 77.3909 422.071
83 61 499.462 77.3909 422.071
84 62 494.512 79.5122 415
84 62 494.512 79.5122 415
84 62 494.512 79.5122 415
84 62 494.512 79.5122 415
84 62 494.512 79.5122 415
84 63 491.512 81.5122 410
84 63 491.512 81.5122 410
84 63 491.512 81.5122 410
84 64 488.512 83.5122 405
84 64 488.512 83.5122 405
84 64 488.512 83.5122 405
84 65 485.512 85.5122 400
83 66 484.705 87.6335 397.071
83 66 484.705 87.6335 397.071
83 66 484.705 87.6335 397.071
83 66 484.705 87.6335 397.071
84 67 479.048 89.0477 390
84 67 479.048 89.0477 390
84 67 479.048 89.0477 390
84 67 479.048 89.0477 390
84 68 475.548 90.5477 385
84 68 475.548 90.5477 385
84 68 475.548 90.5477 385
84 69 472.048 92.0477 380
84 69 472.048 92.0477 380
84 69 472.048 92.0477 380
84 70 468.048 93.0477 375
84 70 468.048 93.0477 375
84 71 464.548 94.5477 370
84 71 464.548 94.5477 370
84 71 464.548 94.5477 370
84 72 461.048 96.0477 365
84 72 461.048 96.0477 365
84 72 461.048 96.0477 365
84 73 457.548 97.5477 360
84 73 457.548 97.5477 360
84 73 457.548 97.5477 360
84 74 454.048 99.0477 355
84 74 454.048 99.0477 355
84 74 454.048 99.0477 355
84 75 450.548 100.548 350
84 75 450.548 100.548 350
84 76 447.548 102.548 345
84 76 447.548 102.548 345
84 76 447.548 102.548 345
84 77 444.048 104.048 340
83 78 443.24 106.169 337.071
83 78 443.24 106.169 337.071
83 78 443.24 106.169 337.071
84 79 438.997 108.997 330
84 79 438.997 108.997 330
84 79 438.997 108.997 330
84 79 438.997 108.997 330
84 80 435.997 110.997 325
84 80 435.997 110.997 325
83 81 435.897 113.826 322.071
83 81 435.897 113.826 322.071
83 81 435.897 113.826 322.071
83 81 435.897 113.826 322.071
83 82 432.897 115.826 317.071
83 82 432.897 115.826 317.071
84 83 427.947 117.947 310
84 83 427.947 117.947 310
84 83 427.947 117.947 310
84 83 427.947 117.947 310
84 83 427.947 117.947 310
84 84 423.947 118.947 305
84 84 423.947 118.947 305
84 85 419.947 119.947 300
84 85 419.947 119.947 300
84 86 416.447 121.447 295
84 86 416.447 121.447 295
83 87 415.64 123.569 292.071
83 87 415.64 123.569 292.071
83 87 415.64 123.569 292.071
83 87 415.64 123.569 292.071
83 88 411.64 124.569 287.071
83 88 411.64 124.569 287.071
83 88 411.64 124.569 287.071
84 89 405.983 125.983 280
84 89 405.983 125.983 280
84 89 405.983 125.983 280
84 89 405.983 125.983 280
84 89 405.983 125.983 280
84 90 401.983 126.983 275
84 90 401.983 126.983 275
84 90 401.983 126.983 275
84 91 397.983 127.983 270
85 92 396.468 129.397 267.071
85 92 396.468 129.397 267.071
85 92 396.468 129.397 267.071
85 92 396.468 129.397 267.071
85 93 392.468 130.397 262.071
85 93 392.468 130.397 262.071
85 94 388.468 131.397 257.071
85 94 388.468 131.397 257.071
85 94 388.468 131.397 257.071
84 95 382.811 132.811 250
84 95 382.811 132.811 250
84 95 382.811 132.811 250
84 95 382.811 132.811 250
84 96 378.811 133.811 245
84 96 378.811 133.811 245
84 97 374.811 134.811 240
84 97 374.811 134.811 240
84 98 370.811 135.811 235
84 98 370.811 135.811 235
84 98 370.811 135.811 235
84 99 366.811 136.811 230
84 99 366.811 136.811 230
83 100 365.296 138.225 227.071
83 100 365.296 138.225 227.071
83 100 365.296 138.225 227.071
83 100 365.296 138.225 227.071
84 101 359.64 139.64 220
84 101 359.64 139.64 220
84 101 359.64 139.64 220
83 102 358.125 141.054 217.071
83 102 358.125 141.054 217.071
83 102 358.125 141.054 217.071
83 102 358.125 141.054 217.071
84 103 352.468 142.468 210
84 103 352.468 142.468 210
84 103 352.468 142.468 210
84 103 352.468 142.468 210
84 104 348.468 143.468 205
84 104 348.468 143.468 205
84 104 348.468 143.468 205
84 105 344.468 144.468 200
84 105 344.468 144.468 200
84 106 340.468 145.468 195
84 106 340.468 145.468 195
84 107 336.468 146.468 190
84 107 336.468 146.468 190
84 107 336.468 146.468 190
84 108 332.468 147.468 185
84 108 332.468 147.468 185
84 109 328.468 148.468 180
84 109 328.468 148.468 180
84 109 328.468 148.468 180
84 110 324.468 149.468 175
84 110 324.468 149.468 175
84 110 324.468 149.468 175
84 111 320.468 150.468 170
84 111 320.468 150.468 170
84 112 316.968 151.968 165
84 112 316.968 151.968 165
83 113 316.868 154.796 162.071
83 113 316.868 154.796 162.071
83 113 316.868 154.796 162.071
83 113 316.868 154.796 162.071
83 113 316.868 154.796 162.071
84 114 311.918 156.918 155
83 114 313.368 156.296 157.071
82 115 312.56 158.418 154.142
82 115 312.56 158.418 154.142
82 115 312.56 158.418 154.142
82 115 312.56 158.418 154.142
83 116 308.317 161.246 147.071
83 116 308.317 161.246 147.071
83 116 308.317 161.246 147.071
83 116 308.317 161.246 147.071
84 117 303.368 163.368 140
84 117 303.368 163.368 140
84 117 303.368 163.368 140
84 118 299.368 164.368 135
84 118 299.368 164.368 135
84 118 299.368 164.368 135
84 119 294.993 164.993 130
84 119 294.993 164.993 130
84 120 290.618 165.618 125
84 120 290.618 165.618 125
84 120 290.618 165.618 125
84 121 286.618 166.618 120
84 121 286.618 166.618 120
84 121 286.618 166.618 120
84 122 282.618 167.618 115
84 122 282.618 167.618 115
84 122 282.618 167.618 115
84 123 278.618 168.618 110
84 123 278.618 168.618 110
83 124 277.81 170.739 107.071
83 124 277.81 170.739 107.071
83 124 277.81 170.739 107.071
83 124 277.81 170.739 107.071
83 124 277.81 170.739 107.071
84 125 272.86 172.86 100
84 125 272.86 172.86 100
84 125 272.86 172.86 100
84 125 272.86 172.86 100
84 126 269.36 174.36 95
84 126 269.36 174.36 95
84 127 265.86 175.86 90
84 127 265.86 175.86 90
83 128 265.053 177.981 87.0711
83 128 265.053 177.981 87.0711
83 128 265.053 177.981 87.0711
83 128 265.053 177.981 87.0711
84 129 260.81 180.81 80
84 129 260.81 180.81 80
84 129 260.81 180.81 80
84 129 260.81 180.81 80
84 130 257.81 182.81 75
84 130 257.81 182.81 75
84 131 254.81 184.81 70
84 131 254.81 184.81 70
84 131 254.81 184.81 70
84 132 251.81 186.81 65
84 132 251.81 186.81 65
84 132 251.81 186.81 65
84 133 248.81 188.81 60
84 133 248.81 188.81 60
83 134 248.002 190.931 57.0711
83 134 248.002 190.931 57.0711
83 134 248.002 190.931 57.0711
83 134 248.002 190.931 57.0711
84 135 243.053 193.053 50
84 135 243.053 193.053 50
84 135 243.053 193.053 50
84 135 243.053 193.053 50
84 136 239.553 194.553 45
84 136 239.553 194.553 45
84 136 239.553 194.553 45
84 137 236.053 196.053 40
84 137 236.053 196.053 40
84 137 236.053 196.053 40
84 138 233.053 198.053 35
84 138 233.053 198.053 35
84 138 233.053 198.053 35
84 139 230.053 200.053 30
84 139 230.053 200.053 30
84 140 227.053 202.053 25
84 140 227.053 202.053 25
84 140 227.053 202.053 25
84 141 224.053 204.053 20
84 141 224.053 204.053 20
84 141 224.053 204.053 20
84 142 221.053 206.053 15
84 142 221.053 206.053 15
84 142 221.053 206.053 15
84 143 218.053 208.053 10
84 143 218.053 208.053 10
84 143 218.053 208.053 10
84 144 215.053 210.053 5
84 144 215.053 210.053 5
84 144 215.053 210.053 5
