4 15 33.2585 0 33.2585
4 15 33.2585 0 33.2585
4 15 33.2585 0 33.2585
4 15 33.2585 0 33.2585
4 15 33.2585 0 33.2585
4 15 33.2585 0 33.2585
4 15 33.2585 0 33.2585
3 16 135.414 1.41421 134
3 16 135.414 1.41421 134
3 15 136 1 135
4 16 136 1 135
4 17 136.828 2.82843 134
4 17 136.828 2.82843 134
4 17 136.828 2.82843 134
3 18 136.243 4.24264 132
3 18 136.243 4.24264 132
3 18 136.243 4.24264 132
3 18 136.243 4.24264 132
2 19 135.657 5.65685 130
2 19 135.657 5.65685 130
2 19 135.657 5.65685 130
2 19 135.657 5.65685 130
1 20 135.071 7.07107 128
1 20 135.071 7.07107 128
1 20 135.071 7.07107 128
1 20 135.071 7.07107 128
1 20 135.071 7.07107 128
1 21 135.071 8.07107 127
1 21 135.071 8.07107 127
1 19 135.657 6.65685 129
2 18 136.243 5.24264 131
3 19 136.243 5.24264 131
0 22 136.485 9.48528 127
0 22 136.485 9.48528 127
1 23 135.899 10.8995 125
1 23 135.899 10.8995 125
2 22 136.485 9.48528 127
2 22 136.485 9.48528 127
2 22 136.485 9.48528 127
4 18 136.828 3.82843 133
1 18 137.071 7.07107 130
3 20 137.071 7.07107 130
0 24 137.314 12.3137 125
0 25 137.314 13.3137 124
0 25 137.314 13.3137 124
1 26 136.728 14.7279 122
1 26 136.728 14.7279 122
1 26 136.728 14.7279 122
1 26 136.728 14.7279 122
1 27 136.728 15.7279 121
1 27 136.728 15.7279 121
1 27 136.728 15.7279 121
1 28 136.728 16.7279 120
1 28 136.728 16.7279 120
1 28 136.728 16.7279 120
1 29 136.728 17.7279 119
1 29 136.728 17.7279 119
1 29 136.728 17.7279 119
1 30 136.728 18.7279 118
1 30 136.728 18.7279 118
1 31 136.728 19.7279 117
2 14 137.414 2.41421 135
2 14 137.414 2.41421 135
2 14 137.414 2.41421 135
2 14 137.414 2.41421 135
2 14 137.414 2.41421 135
1 15 136.828 3.82843 133
1 15 136.828 3.82843 133
1 15 136.828 3.82843 133
1 14 137.414 3.41421 134
5 17 137.414 2.41421 135
5 17 137.414 2.41421 135
5 17 137.414 2.41421 135
3 14 137.414 1.41421 136
5 16 137.414 1.41421 136
4 20 137.657 6.65685 131
4 20 137.657 6.65685 131
2 23 137.899 11.8995 126
3 23 137.899 10.8995 127
3 23 137.899 10.8995 127
5 15 138 1 137
0 32 138.142 21.1421 117
1 33 137.556 22.5563 115
1 33 137.556 22.5563 115
1 33 137.556 22.5563 115
1 34 137.556 23.5563 114
1 34 137.556 23.5563 114
1 35 137.556 24.5563 113
1 35 137.556 24.5563 113
1 35 137.556 24.5563 113
1 36 137.556 25.5563 112
1 36 137.556 25.5563 112
1 36 137.556 25.5563 112
1 37 137.556 26.5563 111
1 37 137.556 26.5563 111
1 37 137.556 26.5563 111
1 38 137.556 27.5563 110
1 38 137.556 27.5563 110
1 38 137.556 27.5563 110
1 39 137.181 28.1813 109
2 31 138.142 20.1421 118
2 31 138.142 20.1421 118
2 31 138.142 20.1421 118
2 30 138.142 19.1421 119
2 29 138.142 18.1421 120
2 28 138.142 17.1421 121
2 27 138.142 16.1421 122
5 19 138.243 5.24264 133
5 19 138.243 5.24264 133
2 39 138.44 28.4402 110
2 39 138.44 28.4402 110
4 21 138.485 8.48528 130
2 26 138.728 15.7279 123
1 13 138.828 3.82843 135
1 13 138.828 3.82843 135
1 13 138.828 3.82843 135
6 18 138.828 3.82843 135
2 38 138.971 27.9706 111
2 36 138.971 25.9706 113
2 34 138.971 23.9706 115
2 34 138.971 23.9706 115
5 21 139.071 8.07107 131
3 24 139.314 13.3137 126
6 17 139.414 3.41421 136
5 14 139.414 1.41421 138
5 14 139.414 1.41421 138
3 32 139.556 21.5563 118
3 32 139.556 21.5563 118
6 20 139.657 6.65685 133
6 20 139.657 6.65685 133
3 39 139.69 28.6902 111
3 31 140.142 21.1421 119
4 25 140.728 14.7279 126
4 25 140.728 14.7279 126
4 26 140.728 15.7279 125
4 26 140.728 15.7279 125
4 27 140.728 16.7279 124
4 27 140.728 16.7279 124
4 28 140.728 17.7279 123
4 29 140.728 18.7279 122
1 12 140.828 4.82843 136
1 12 140.828 4.82843 136
1 12 140.828 4.82843 136
4 13 140.828 2.82843 138
4 13 140.828 2.82843 138
6 15 140.828 2.82843 138
4 39 140.94 28.9402 112
4 39 140.94 28.9402 112
4 39 140.94 28.9402 112
3 34 140.971 24.9706 116
3 34 140.971 24.9706 116
6 21 141.071 9.07107 132
7 21 141.071 8.07107 133
7 21 141.071 8.07107 133
3 38 141.324 29.3241 112
6 14 141.414 2.41421 139
5 13 141.414 2.41421 139
4 32 141.556 22.5563 119
4 32 141.556 22.5563 119
7 20 141.657 7.65685 134
5 40 141.824 29.8241 112
5 40 141.824 29.8241 112
5 40 141.824 29.8241 112
5 40 141.824 29.8241 112
4 41 141.238 31.2383 110
4 41 141.238 31.2383 110
4 41 141.238 31.2383 110
3 42 140.653 32.6525 108
3 42 140.653 32.6525 108
2 42 140.653 33.6525 107
2 42 140.653 33.6525 107
1 43 140.067 35.0668 105
1 43 140.067 35.0668 105
1 43 140.067 35.0668 105
1 43 140.067 35.0668 105
3 43 140.653 33.6525 107
3 43 140.653 33.6525 107
3 44 140.653 34.6525 106
3 44 140.653 34.6525 106
3 44 140.653 34.6525 106
2 45 140.067 36.0668 104
2 45 140.067 36.0668 104
2 45 140.067 36.0668 104
2 45 140.067 36.0668 104
1 46 139.481 37.481 102
1 46 139.481 37.481 102
1 46 139.481 37.481 102
1 46 139.481 37.481 102
1 46 139.481 37.481 102
1 47 139.481 38.481 101
1 47 139.481 38.481 101
1 47 139.481 38.481 101
1 48 139.481 39.481 100
1 48 139.481 39.481 100
1 48 139.481 39.481 100
1 49 139.481 40.481 99
1 49 139.481 40.481 99
1 49 139.481 40.481 99
1 50 139.481 41.481 98
2 46 140.067 37.0668 103
3 45 140.653 35.6525 105
0 51 140.895 42.8952 98
0 51 140.895 42.8952 98
1 52 140.309 44.3094 96
1 52 140.309 44.3094 96
2 50 140.895 41.8952 99
2 50 140.895 41.8952 99
2 50 140.895 41.8952 99
2 49 140.895 40.8952 100
3 47 141.481 38.481 103
3 47 141.481 38.481 103
0 53 141.724 45.7236 96
0 53 141.724 45.7236 96
1 54 141.138 47.1378 94
1 54 141.138 47.1378 94
1 54 141.138 47.1378 94
1 54 141.138 47.1378 94
1 55 141.138 48.1378 93
1 55 141.138 48.1378 93
1 55 141.138 48.1378 93
1 56 141.138 49.1378 92
1 56 141.138 49.1378 92
1 57 141.138 50.1378 91
1 57 141.138 50.1378 91
1 57 141.138 50.1378 91
1 58 141.138 51.1378 90
1 58 141.138 51.1378 90
1 58 141.138 51.1378 90
1 59 141.138 52.1378 89
1 59 141.138 52.1378 89
1 60 141.138 53.1378 88
1 60 141.138 53.1378 88
1 60 141.138 53.1378 88
1 61 141.138 54.1378 87
1 61 141.138 54.1378 87
1 61 141.138 54.1378 87
1 62 141.138 55.1378 86
1 62 141.138 55.1378 86
1 62 141.138 55.1378 86
1 63 141.138 56.1378 85
1 63 141.138 56.1378 85
1 63 141.138 56.1378 85
1 64 141.138 57.1378 84
1 64 141.138 57.1378 84
1 64 141.138 57.1378 84
1 65 141.138 58.1378 83
1 65 141.138 58.1378 83
1 65 141.138 58.1378 83
1 66 141.138 59.1378 82
1 66 141.138 59.1378 82
1 67 141.138 60.1378 81
4 46 142.067 37.0668 105
4 46 142.067 37.0668 105
4 46 142.067 37.0668 105
4 44 142.067 35.0668 107
5 30 142.142 20.1421 122
5 30 142.142 20.1421 122
5 30 142.142 20.1421 122
5 28 142.142 18.1421 124
5 28 142.142 18.1421 124
5 27 142.142 17.1421 125
5 26 142.142 16.1421 126
5 39 142.19 29.1902 113
2 12 142.243 5.24264 137
7 17 142.243 5.24264 137
7 17 142.243 5.24264 137
7 17 142.243 5.24264 137
2 52 142.309 45.3094 97
2 52 142.309 45.3094 97
3 51 142.309 43.3094 99
3 51 142.309 43.3094 99
3 51 142.309 43.3094 99
4 35 142.385 26.3848 116
4 35 142.385 26.3848 116
4 35 142.385 26.3848 116
4 35 142.385 26.3848 116
4 36 142.385 27.3848 115
0 68 142.552 61.552 81
1 69 141.966 62.9663 79
1 69 141.966 62.9663 79
1 70 141.966 63.9663 78
1 70 141.966 63.9663 78
1 70 141.966 63.9663 78
1 71 141.966 64.9663 77
1 71 141.966 64.9663 77
1 72 141.966 65.9663 76
1 72 141.966 65.9663 76
1 73 141.966 66.9663 75
1 73 141.966 66.9663 75
1 73 141.966 66.9663 75
1 74 141.966 67.9663 74
1 74 141.966 67.9663 74
1 74 141.966 67.9663 74
1 75 141.966 68.9663 73
1 75 141.966 68.9663 73
1 75 141.966 68.9663 73
1 76 141.966 69.9663 72
1 76 141.966 69.9663 72
1 77 141.966 70.9663 71
1 77 141.966 70.9663 71
1 77 141.966 70.9663 71
1 78 141.966 71.9663 70
1 78 141.966 71.9663 70
1 78 141.966 71.9663 70
1 79 141.966 72.9663 69
1 79 141.966 72.9663 69
1 79 141.966 72.9663 69
1 80 141.966 73.9663 68
1 80 141.966 73.9663 68
2 66 142.552 59.552 83
2 65 142.552 58.552 84
2 64 142.552 57.552 85
2 62 142.552 55.552 87
2 59 142.552 52.552 90
2 57 142.552 50.552 92
2 56 142.552 49.552 93
5 42 142.653 32.6525 110
1 11 142.828 5.82843 137
1 11 142.828 5.82843 137
1 11 142.828 5.82843 137
4 12 142.828 3.82843 139
4 12 142.828 3.82843 139
7 16 142.828 4.82843 138
6 13 142.828 2.82843 140
3 50 142.895 42.8952 100
4 48 142.895 39.8952 103
4 48 142.895 39.8952 103
8 21 143.071 9.07107 134
8 21 143.071 9.07107 134
8 21 143.071 9.07107 134
6 41 143.238 31.2383 112
6 41 143.238 31.2383 112
6 41 143.238 31.2383 112
2 81 143.38 75.3805 68
2 81 143.38 75.3805 68
2 81 143.38 75.3805 68
2 81 143.38 75.3805 68
2 82 143.38 76.3805 67
2 82 143.38 76.3805 67
2 82 143.38 76.3805 67
1 83 142.795 77.7947 65
1 83 142.795 77.7947 65
1 83 142.795 77.7947 65
1 83 142.795 77.7947 65
1 84 142.795 78.7947 64
1 84 142.795 78.7947 64
1 84 142.795 78.7947 64
1 85 142.795 79.7947 63
1 85 142.795 79.7947 63
1 85 142.795 79.7947 63
1 86 142.795 80.7947 62
1 86 142.795 80.7947 62
1 86 142.795 80.7947 62
1 87 142.795 81.7947 61
1 87 142.795 81.7947 61
1 87 142.795 81.7947 61
1 88 142.795 82.7947 60
1 88 142.795 82.7947 60
1 88 142.795 82.7947 60
1 89 142.795 83.7947 59
1 89 142.795 83.7947 59
1 89 142.795 83.7947 59
1 90 142.795 84.7947 58
1 90 142.795 84.7947 58
1 90 142.795 84.7947 58
1 91 142.795 85.7947 57
1 91 142.795 85.7947 57
1 91 142.795 85.7947 57
1 92 142.795 86.7947 56
1 92 142.795 86.7947 56
2 80 143.38 74.3805 69
2 79 143.38 73.3805 70
2 76 143.38 70.3805 73
2 75 143.38 69.3805 74
2 74 143.38 68.3805 75
2 73 143.38 67.3805 76
2 71 143.38 65.3805 78
2 70 143.38 64.3805 79
5 47 143.481 38.481 105
5 47 143.481 38.481 105
5 32 143.556 23.5563 120
5 32 143.556 23.5563 120
6 31 143.556 21.5563 122
6 31 143.556 21.5563 122
6 31 143.556 21.5563 122
8 18 143.657 6.65685 137
8 18 143.657 6.65685 137
3 53 143.724 46.7236 97
4 52 143.724 44.7236 99
4 52 143.724 44.7236 99
5 37 143.799 28.799 115
5 36 143.799 27.799 116
6 40 143.824 30.8241 113
5 46 144.067 38.0668 106
6 43 144.067 34.0668 110
6 43 144.067 34.0668 110
6 43 144.067 34.0668 110
6 30 144.142 21.1421 123
6 28 144.142 19.1421 125
6 28 144.142 19.1421 125
0 93 144.209 88.2089 56
1 94 143.623 89.6231 54
1 94 143.623 89.6231 54
1 94 143.623 89.6231 54
2 93 144.209 88.2089 56
2 93 144.209 88.2089 56
2 93 144.209 88.2089 56
2 92 144.209 87.2089 57
2 91 144.209 86.2089 58
2 90 144.209 85.2089 59
2 89 144.209 84.2089 60
2 88 144.209 83.2089 61
2 87 144.209 82.2089 62
8 17 144.243 6.24264 138
5 12 144.243 4.24264 140
2 11 144.243 6.24264 138
7 14 144.243 4.24264 140
7 14 144.243 4.24264 140
5 49 144.309 41.3094 103
9 22 144.485 10.4853 134
9 22 144.485 10.4853 134
7 42 144.653 32.6525 112
7 42 144.653 32.6525 112
7 42 144.653 32.6525 112
6 39 144.708 30.708 114
3 83 144.795 77.7947 67
3 83 144.795 77.7947 67
3 83 144.795 77.7947 67
1 10 144.828 6.82843 138
4 11 144.828 4.82843 140
4 11 144.828 4.82843 140
7 13 144.828 3.82843 141
6 12 144.828 3.82843 141
6 48 144.895 39.8952 105
6 48 144.895 39.8952 105
6 48 144.895 39.8952 105
6 33 144.971 24.9706 120
7 32 144.971 22.9706 122
7 32 144.971 22.9706 122
0 95 145.037 91.0373 54
0 95 145.037 91.0373 54
1 96 144.452 92.4515 52
1 96 144.452 92.4515 52
1 96 144.452 92.4515 52
1 97 144.452 93.4515 51
1 97 144.452 93.4515 51
1 97 144.452 93.4515 51
1 98 144.452 94.4515 50
1 98 144.452 94.4515 50
1 99 144.452 95.4515 49
1 99 144.452 95.4515 49
1 100 144.452 96.4515 48
1 100 144.452 96.4515 48
1 101 144.452 97.4515 47
1 101 144.452 97.4515 47
1 101 144.452 97.4515 47
1 102 144.452 98.4515 46
1 102 144.452 98.4515 46
1 102 144.452 98.4515 46
1 103 144.452 99.4515 45
1 103 144.452 99.4515 45
1 103 144.452 99.4515 45
1 104 144.452 100.452 44
1 104 144.452 100.452 44
1 104 144.452 100.452 44
1 105 144.452 101.452 43
1 105 144.452 101.452 43
1 106 144.452 102.452 42
1 106 144.452 102.452 42
1 106 144.452 102.452 42
1 107 144.452 103.452 41
2 95 145.037 91.0373 54
2 95 145.037 91.0373 54
6 38 145.074 30.0741 115
5 53 145.138 46.1378 99
5 53 145.138 46.1378 99
5 53 145.138 46.1378 99
5 53 145.138 46.1378 99
5 54 145.138 47.1378 98
5 54 145.138 47.1378 98
5 55 145.138 48.1378 97
5 55 145.138 48.1378 97
5 55 145.138 48.1378 97
4 56 144.552 49.552 95
5 56 145.138 49.1378 96
7 41 145.238 32.2383 113
6 47 145.481 39.481 106
7 44 145.481 35.481 110
7 44 145.481 35.481 110
7 31 145.556 22.5563 123
6 26 145.556 18.5563 127
6 25 145.556 17.5563 128
3 94 145.623 89.6231 56
3 94 145.623 89.6231 56
3 94 145.623 89.6231 56
9 18 145.657 7.65685 138
9 18 145.657 7.65685 138
8 16 145.657 6.65685 139
6 50 145.724 42.7236 103
6 50 145.724 42.7236 103
6 37 145.799 29.799 116
0 108 145.866 104.866 41
0 108 145.866 104.866 41
1 109 145.28 106.28 39
1 109 145.28 106.28 39
1 109 145.28 106.28 39
1 110 145.28 107.28 38
1 110 145.28 107.28 38
1 110 145.28 107.28 38
1 111 145.28 108.28 37
1 111 145.28 108.28 37
1 111 145.28 108.28 37
1 112 145.28 109.28 36
1 112 145.28 109.28 36
1 113 145.28 110.28 35
1 113 145.28 110.28 35
1 113 145.28 110.28 35
1 114 145.28 111.28 34
1 114 145.28 111.28 34
2 107 145.866 103.866 42
2 107 145.866 103.866 42
2 107 145.866 103.866 42
2 106 145.866 102.866 43
2 98 145.866 94.8657 51
2 98 145.866 94.8657 51
10 23 145.899 11.8995 134
10 23 145.899 11.8995 134
10 23 145.899 11.8995 134
10 23 145.899 11.8995 134
9 24 145.314 13.3137 132
9 25 145.314 14.3137 131
9 25 145.314 14.3137 131
9 25 145.314 14.3137 131
8 26 144.728 15.7279 129
8 26 144.728 15.7279 129
8 27 144.728 16.7279 128
9 26 145.314 15.3137 130
10 24 145.899 12.8995 133
3 58 145.966 53.9663 92
3 58 145.966 53.9663 92
3 61 145.966 56.9663 89
3 61 145.966 56.9663 89
3 63 145.966 58.9663 87
3 64 145.966 59.9663 86
3 65 145.966 60.9663 85
5 57 145.966 50.9663 95
5 58 145.966 51.9663 94
5 59 145.966 52.9663 93
8 43 146.067 34.0668 112
8 43 146.067 34.0668 112
8 43 146.067 34.0668 112
9 28 146.142 18.1421 128
9 28 146.142 18.1421 128
9 28 146.142 18.1421 128
9 28 146.142 18.1421 128
8 29 145.556 19.5563 126
9 29 146.142 19.1421 127
4 84 146.209 79.2089 67
4 84 146.209 79.2089 67
4 84 146.209 79.2089 67
8 14 146.243 5.24264 141
5 11 146.243 5.24264 141
2 10 146.243 7.24264 139
7 12 146.243 4.24264 142
7 49 146.309 41.3094 105
7 49 146.309 41.3094 105
7 49 146.309 41.3094 105
7 34 146.385 26.3848 120
7 34 146.385 26.3848 120
7 34 146.385 26.3848 120
7 35 146.385 27.3848 119
8 33 146.385 24.3848 122
8 33 146.385 24.3848 122
8 33 146.385 24.3848 122
3 96 146.452 92.4515 54
6 57 146.552 50.552 96
6 57 146.552 50.552 96
6 56 146.552 49.552 97
6 55 146.552 48.552 98
6 54 146.552 47.552 99
7 40 146.653 32.6525 114
0 115 146.694 112.694 34
0 116 146.694 113.694 33
0 117 146.694 114.694 32
0 117 146.694 114.694 32
1 118 146.108 116.108 30
1 118 146.108 116.108 30
1 118 146.108 116.108 30
1 118 146.108 116.108 30
1 118 146.108 116.108 30
1 119 145.733 116.733 29
1 119 145.733 116.733 29
1 119 145.733 116.733 29
1 120 145.358 117.358 28
1 120 145.358 117.358 28
1 120 145.358 117.358 28
1 121 145.358 118.358 27
1 121 145.358 118.358 27
1 121 145.358 118.358 27
1 122 145.358 119.358 26
1 122 145.358 119.358 26
1 122 145.358 119.358 26
1 123 145.358 120.358 25
1 123 145.358 120.358 25
1 124 145.358 121.358 24
1 124 145.358 121.358 24
1 124 145.358 121.358 24
1 125 145.358 122.358 23
1 125 145.358 122.358 23
2 120 146.617 117.617 29
2 120 146.617 117.617 29
2 115 146.694 112.694 34
2 115 146.694 112.694 34
2 115 146.694 112.694 34
2 115 146.694 112.694 34
2 116 146.694 113.694 33
2 114 146.694 111.694 35
2 112 146.694 109.694 37
2 112 146.694 109.694 37
2 111 146.694 108.694 38
7 39 146.708 31.708 115
10 27 146.728 16.7279 130
10 27 146.728 16.7279 130
10 27 146.728 16.7279 130
0 126 146.773 123.773 23
0 126 146.773 123.773 23
1 127 146.187 125.187 21
1 127 146.187 125.187 21
1 127 146.187 125.187 21
1 127 146.187 125.187 21
1 128 146.187 126.187 20
1 128 146.187 126.187 20
1 128 146.187 126.187 20
1 129 146.187 127.187 19
1 129 146.187 127.187 19
2 126 146.773 123.773 23
2 126 146.773 123.773 23
4 83 146.795 78.7947 68
3 70 146.795 66.7947 80
3 70 146.795 66.7947 80
3 70 146.795 66.7947 80
3 72 146.795 68.7947 78
3 72 146.795 68.7947 78
3 73 146.795 69.7947 77
3 74 146.795 70.7947 76
3 75 146.795 71.7947 75
3 78 146.795 74.7947 72
3 78 146.795 74.7947 72
3 69 146.795 65.7947 81
7 48 146.895 40.8952 106
8 45 146.895 36.8952 110
8 45 146.895 36.8952 110
8 46 146.895 37.8952 109
8 32 146.971 23.9706 123
9 30 146.971 20.9706 126
2 119 146.992 116.992 30
4 95 147.037 91.0373 56
4 95 147.037 91.0373 56
4 95 147.037 91.0373 56
9 17 147.071 8.07107 139
2 109 147.28 107.28 40
3 108 147.28 105.28 42
3 108 147.28 105.28 42
3 108 147.28 105.28 42
11 25 147.314 14.3137 133
11 25 147.314 14.3137 133
4 66 147.38 62.3805 85
4 66 147.38 62.3805 85
4 66 147.38 62.3805 85
4 67 147.38 63.3805 84
4 65 147.38 61.3805 86
4 62 147.38 58.3805 89
4 62 147.38 58.3805 89
6 60 147.38 54.3805 93
6 60 147.38 54.3805 93
9 44 147.481 35.481 112
9 44 147.481 35.481 112
10 30 147.556 20.5563 127
10 30 147.556 20.5563 127
10 30 147.556 20.5563 127
7 38 147.592 31.5919 116
0 130 147.601 128.601 19
0 130 147.601 128.601 19
1 131 147.015 130.015 17
1 131 147.015 130.015 17
2 130 147.601 128.601 19
3 86 147.623 83.6231 64
3 87 147.623 84.6231 63
3 88 147.623 85.6231 62
5 85 147.623 80.6231 67
5 85 147.623 80.6231 67
5 85 147.623 80.6231 67
5 85 147.623 80.6231 67
5 86 147.623 81.6231 66
5 86 147.623 81.6231 66
5 87 147.623 82.6231 65
5 87 147.623 82.6231 65
5 88 147.623 83.6231 64
5 88 147.623 83.6231 64
5 89 147.623 84.6231 63
5 90 147.623 85.6231 62
10 18 147.657 8.65685 139
10 18 147.657 8.65685 139
10 18 147.657 8.65685 139
6 11 147.657 5.65685 142
8 13 147.657 5.65685 142
7 50 147.724 43.7236 104
8 50 147.724 42.7236 105
8 36 147.799 28.799 119
8 36 147.799 28.799 119
8 36 147.799 28.799 119
9 34 147.799 25.799 122
9 34 147.799 25.799 122
3 107 147.866 104.866 43
3 98 147.866 95.8657 52
3 98 147.866 95.8657 52
11 23 147.899 12.8995 135
11 23 147.899 12.8995 135
10 21 147.899 11.8995 136
8 41 148.067 34.0668 114
3 117 148.108 115.108 33
3 117 148.108 115.108 33
3 116 148.108 114.108 34
11 28 148.142 18.1421 130
11 28 148.142 18.1421 130
4 76 148.209 73.2089 75
4 76 148.209 73.2089 75
4 76 148.209 73.2089 75
4 74 148.209 71.2089 77
4 73 148.209 70.2089 78
5 84 148.209 80.2089 68
4 82 148.209 79.2089 69
4 71 148.209 68.2089 80
9 14 148.243 6.24264 142
9 14 148.243 6.24264 142
8 12 148.243 5.24264 143
0 9 148.243 8.24264 140
0 9 148.243 8.24264 140
7 11 148.243 5.24264 143
8 49 148.309 42.3094 106
9 47 148.309 39.3094 109
9 47 148.309 39.3094 109
9 47 148.309 39.3094 109
9 33 148.385 25.3848 123
0 132 148.429 131.429 17
1 133 147.844 132.844 15
1 133 147.844 132.844 15
1 133 147.844 132.844 15
1 133 147.844 132.844 15
1 134 147.844 133.844 14
1 134 147.844 133.844 14
1 134 147.844 133.844 14
1 135 147.844 134.844 13
1 135 147.844 134.844 13
1 136 147.844 135.844 12
1 136 147.844 135.844 12
1 136 147.844 135.844 12
1 137 147.844 136.844 11
1 137 147.844 136.844 11
1 138 147.844 137.844 10
1 138 147.844 137.844 10
1 139 147.844 138.844 9
1 139 147.844 138.844 9
1 139 147.844 138.844 9
1 140 147.844 139.844 8
4 96 148.452 93.4515 55
5 96 148.452 92.4515 56
5 96 148.452 92.4515 56
7 57 148.552 51.552 97
7 57 148.552 51.552 97
7 57 148.552 51.552 97
3 120 148.617 118.617 30
3 120 148.617 118.617 30
3 120 148.617 118.617 30
8 40 148.653 33.6525 115
3 112 148.694 110.694 38
3 112 148.694 110.694 38
3 112 148.694 110.694 38
3 115 148.694 113.694 35
4 109 148.694 106.694 42
4 109 148.694 106.694 42
4 109 148.694 106.694 42
4 109 148.694 106.694 42
4 110 148.694 107.694 41
12 26 148.728 15.7279 133
12 26 148.728 15.7279 133
3 126 148.773 124.773 24
3 126 148.773 124.773 24
3 126 148.773 124.773 24
5 63 148.795 59.7947 89
5 63 148.795 59.7947 89
5 68 148.795 64.7947 84
5 68 148.795 64.7947 84
5 68 148.795 64.7947 84
5 68 148.795 64.7947 84
5 67 148.795 63.7947 85
7 61 148.795 55.7947 93
7 61 148.795 55.7947 93
7 61 148.795 55.7947 93
7 61 148.795 55.7947 93
7 62 148.795 56.7947 92
7 62 148.795 56.7947 92
7 63 148.795 57.7947 91
7 63 148.795 57.7947 91
7 64 148.795 58.7947 90
7 64 148.795 58.7947 90
6 65 148.209 60.2089 88
7 65 148.795 59.7947 89
10 45 148.895 36.8952 112
10 45 148.895 36.8952 112
11 31 148.971 21.9706 127
11 31 148.971 21.9706 127
2 131 149.015 131.015 18
3 131 149.015 130.015 19
3 131 149.015 130.015 19
3 131 149.015 130.015 19
6 91 149.037 87.0373 62
6 91 149.037 87.0373 62
6 92 149.037 88.0373 61
6 92 149.037 88.0373 61
6 93 149.037 89.0373 60
6 89 149.037 85.0373 64
6 89 149.037 85.0373 64
6 88 149.037 84.0373 65
6 87 149.037 83.0373 66
6 86 149.037 82.0373 67
11 19 149.071 10.0711 139
11 19 149.071 10.0711 139
11 19 149.071 10.0711 139
10 17 149.071 9.07107 140
8 51 149.138 45.1378 104
8 51 149.138 45.1378 104
8 52 149.138 46.1378 103
8 52 149.138 46.1378 103
8 53 149.138 47.1378 102
8 54 149.138 48.1378 101
8 55 149.138 49.1378 100
9 51 149.138 44.1378 105
9 51 149.138 44.1378 105
9 37 149.213 30.2132 119
9 37 149.213 30.2132 119
9 37 149.213 30.2132 119
9 38 149.213 31.2132 118
10 35 149.213 27.2132 122
10 35 149.213 27.2132 122
10 35 149.213 27.2132 122
0 141 149.258 141.258 8
0 141 149.258 141.258 8
1 142 148.672 142.672 6
1 142 148.672 142.672 6
1 143 148.672 143.672 5
1 143 148.672 143.672 5
1 144 148.672 144.672 4
2 140 149.258 140.258 9
2 140 149.258 140.258 9
2 140 149.258 140.258 9
2 139 149.258 139.258 10
2 137 149.258 137.258 12
2 137 149.258 137.258 12
2 136 149.258 136.258 13
2 135 149.258 135.258 14
4 108 149.28 106.28 43
4 99 149.28 97.28 52
4 99 149.28 97.28 52
4 99 149.28 97.28 52
4 100 149.28 98.28 51
4 100 149.28 98.28 51
4 101 149.28 99.28 50
4 101 149.28 99.28 50
3 105 149.28 104.28 45
3 105 149.28 104.28 45
12 25 149.314 15.3137 134
11 22 149.314 13.3137 136
10 44 149.481 36.481 113
9 42 149.481 35.481 114
5 77 149.623 74.6231 75
5 77 149.623 74.6231 75
5 77 149.623 74.6231 75
6 85 149.623 81.6231 68
5 83 149.623 80.6231 69
7 66 149.623 61.6231 88
7 67 149.623 62.6231 87
7 67 149.623 62.6231 87
7 68 149.623 63.6231 86
7 68 149.623 63.6231 86
7 69 149.623 64.6231 85
7 70 149.623 65.6231 84
7 70 149.623 65.6231 84
7 70 149.623 65.6231 84
6 71 149.037 67.0373 82
6 72 149.037 68.0373 81
6 72 149.037 68.0373 81
6 73 149.037 69.0373 80
6 73 149.037 69.0373 80
6 74 149.037 70.0373 79
7 71 149.623 66.6231 83
1 8 149.657 9.65685 140
1 8 149.657 9.65685 140
1 8 149.657 9.65685 140
1 8 149.657 9.65685 140
3 9 149.657 8.65685 141
6 10 149.657 6.65685 143
8 11 149.657 5.65685 144
10 48 149.724 40.7236 109
10 48 149.724 40.7236 109
10 48 149.724 40.7236 109
10 49 149.724 41.7236 108
5 97 149.866 94.8657 55
6 97 149.866 93.8657 56
6 97 149.866 93.8657 56
12 23 149.899 13.8995 136
12 23 149.899 13.8995 136
8 58 149.966 52.9663 97
8 58 149.966 52.9663 97
8 58 149.966 52.9663 97
8 58 149.966 52.9663 97
8 59 149.966 53.9663 96
4 121 150.031 120.031 30
4 121 150.031 120.031 30
4 121 150.031 120.031 30
4 121 150.031 120.031 30
4 122 150.031 121.031 29
4 123 150.031 122.031 28
4 123 150.031 122.031 28
4 124 150.031 123.031 27
2 145 150.086 146.086 4
2 145 150.086 146.086 4
2 145 150.086 146.086 4
1 146 149.501 147.501 2
1 146 149.501 147.501 2
1 146 149.501 147.501 2
1 147 149.501 148.501 1
1 147 149.501 148.501 1
1 147 149.501 148.501 1
