83 3 460 0 460
83 3 460 0 460
83 3 460 0 460
83 3 460 0 460
83 3 460 0 460
83 3 460 0 460
82 4 456.414 1.41421 455
82 4 456.414 1.41421 455
82 4 456.414 1.41421 455
82 4 456.414 1.41421 455
82 4 456.414 1.41421 455
82 5 452.414 2.41421 450
82 5 452.414 2.41421 450
82 5 452.414 2.41421 450
82 6 448.414 3.41421 445
82 6 448.414 3.41421 445
82 6 448.414 3.41421 445
82 7 444.414 4.41421 440
82 7 444.414 4.41421 440
82 7 444.414 4.41421 440
82 8 440.414 5.41421 435
82 8 440.414 5.41421 435
82 8 440.414 5.41421 435
82 9 436.414 6.41421 430
82 9 436.414 6.41421 430
82 9 436.414 6.41421 430
82 10 432.414 7.41421 425
82 10 432.414 7.41421 425
82 10 432.414 7.41421 425
82 11 428.414 8.41421 420
82 11 428.414 8.41421 420
82 11 428.414 8.41421 420
82 12 424.414 9.41421 415
82 12 424.414 9.41421 415
82 13 420.414 10.4142 410
82 13 420.414 10.4142 410
82 13 420.414 10.4142 410
82 14 416.414 11.4142 405
82 15 412.414 12.4142 400
82 15 412.414 12.4142 400
82 15 412.414 12.4142 400
82 16 408.414 13.4142 395
82 16 408.414 13.4142 395
82 16 408.414 13.4142 395
82 17 404.414 14.4142 390
82 17 404.414 14.4142 390
82 18 400.414 15.4142 385
82 18 400.414 15.4142 385
82 18 400.414 15.4142 385
82 19 396.414 16.4142 380
82 19 396.414 16.4142 380
82 20 392.414 17.4142 375
82 20 392.414 17.4142 375
82 20 392.414 17.4142 375
82 21 388.414 18.4142 370
82 21 388.414 18.4142 370
82 21 388.414 18.4142 370
81 22 384.828 19.8284 365
81 22 384.828 19.8284 365
81 22 384.828 19.8284 365
80 23 381.95 21.9497 360
80 23 381.95 21.9497 360
80 23 381.95 21.9497 360
79 24 379.071 24.0711 355
79 24 379.071 24.0711 355
79 24 379.071 24.0711 355
79 24 379.071 24.0711 355
79 24 379.071 24.0711 355
80 25 375.485 25.4853 350
80 25 375.485 25.4853 350
80 25 375.485 25.4853 350
80 25 375.485 25.4853 350
80 26 371.485 26.4853 345
80 26 371.485 26.4853 345
80 26 371.485 26.4853 345
80 27 367.485 27.4853 340
80 27 367.485 27.4853 340
80 27 367.485 27.4853 340
81 28 363.899 28.8995 335
81 28 363.899 28.8995 335
81 28 363.899 28.8995 335
80 29 361.021 31.0208 330
80 29 361.021 31.0208 330
80 29 361.021 31.0208 330
80 29 361.021 31.0208 330
80 30 357.521 32.5208 325
80 30 357.521 32.5208 325
79 31 353.935 33.935 320
79 31 353.935 33.935 320
79 31 353.935 33.935 320
79 31 353.935 33.935 320
79 31 353.935 33.935 320
78 32 350.349 35.3492 315
78 32 350.349 35.3492 315
78 32 350.349 35.3492 315
78 32 350.349 35.3492 315
77 33 346.763 36.7635 310
77 33 346.763 36.7635 310
77 33 346.763 36.7635 310
77 33 346.763 36.7635 310
76 34 343.178 38.1777 305
76 34 343.178 38.1777 305
76 34 343.178 38.1777 305
75 35 340.299 40.299 300
75 35 340.299 40.299 300
75 35 340.299 40.299 300
75 35 340.299 40.299 300
75 35 340.299 40.299 300
75 36 336.799 41.799 295
75 36 336.799 41.799 295
75 36 336.799 41.799 295
74 37 333.213 43.2132 290
74 37 333.213 43.2132 290
74 37 333.213 43.2132 290
74 37 333.213 43.2132 290
73 38 329.627 44.6274 285
73 38 329.627 44.6274 285
73 38 329.627 44.6274 285
72 39 326.042 46.0416 280
72 39 326.042 46.0416 280
72 39 326.042 46.0416 280
72 39 326.042 46.0416 280
72 39 326.042 46.0416 280
72 40 322.542 47.5416 275
72 40 322.542 47.5416 275
72 40 322.542 47.5416 275
72 41 319.042 49.0416 270
72 41 319.042 49.0416 270
72 41 319.042 49.0416 270
72 42 315.542 50.5416 265
72 42 315.542 50.5416 265
72 42 315.542 50.5416 265
72 43 312.042 52.0416 260
73 44 309.163 54.163 255
73 44 309.163 54.163 255
72 45 306.284 56.2843 250
72 45 306.284 56.2843 250
72 45 306.284 56.2843 250
71 46 302.698 57.6985 245
71 46 302.698 57.6985 245
71 46 302.698 57.6985 245
71 47 298.698 58.6985 240
71 47 298.698 58.6985 240
71 48 294.698 59.6985 235
71 48 294.698 59.6985 235
71 49 290.698 60.6985 230
71 49 290.698 60.6985 230
71 49 290.698 60.6985 230
71 50 286.698 61.6985 225
71 50 286.698 61.6985 225
71 50 286.698 61.6985 225
71 51 282.698 62.6985 220
71 51 282.698 62.6985 220
71 51 282.698 62.6985 220
71 52 278.698 63.6985 215
71 52 278.698 63.6985 215
70 53 275.113 65.1127 210
70 53 275.113 65.1127 210
70 53 275.113 65.1127 210
70 53 275.113 65.1127 210
70 53 275.113 65.1127 210
70 54 271.113 66.1127 205
70 54 271.113 66.1127 205
70 55 267.113 67.1127 200
70 55 267.113 67.1127 200
70 55 267.113 67.1127 200
70 56 263.113 68.1127 195
70 56 263.113 68.1127 195
69 57 259.527 69.5269 190
69 57 259.527 69.5269 190
69 57 259.527 69.5269 190
69 57 259.527 69.5269 190
69 57 259.527 69.5269 190
69 58 255.527 70.5269 185
69 58 255.527 70.5269 185
69 58 255.527 70.5269 185
69 59 251.152 71.1519 180
69 59 251.152 71.1519 180
69 59 251.152 71.1519 180
69 60 246.777 71.7769 175
69 60 246.777 71.7769 175
68 61 243.191 73.1911 170
68 61 243.191 73.1911 170
68 61 243.191 73.1911 170
68 62 244.191 74.1911 170
68 62 244.191 74.1911 170
68 62 244.191 74.1911 170
67 63 240.605 75.6053 165
67 63 240.605 75.6053 165
67 63 240.605 75.6053 165
67 63 240.605 75.6053 165
66 63 236.605 76.6053 160
66 63 236.605 76.6053 160
65 64 233.02 78.0196 155
65 64 233.02 78.0196 155
65 64 233.02 78.0196 155
65 64 233.02 78.0196 155
64 65 229.434 79.4338 150
64 65 229.434 79.4338 150
64 65 229.434 79.4338 150
64 65 229.434 79.4338 150
63 66 225.848 80.848 145
63 66 225.848 80.848 145
63 66 225.848 80.848 145
63 66 225.848 80.848 145
63 66 225.848 80.848 145
62 67 222.262 82.2622 140
62 67 222.262 82.2622 140
62 67 222.262 82.2622 140
62 67 222.262 82.2622 140
62 67 222.262 82.2622 140
61 68 218.676 83.6764 135
61 68 218.676 83.6764 135
61 68 218.676 83.6764 135
61 68 218.676 83.6764 135
60 68 219.676 84.6764 135
60 68 219.676 84.6764 135
59 69 216.091 86.0906 130
59 69 216.091 86.0906 130
59 69 216.091 86.0906 130
59 69 216.091 86.0906 130
58 70 212.505 87.5048 125
58 70 212.505 87.5048 125
58 70 212.505 87.5048 125
58 70 212.505 87.5048 125
58 70 212.505 87.5048 125
58 71 208.505 88.5048 120
58 71 208.505 88.5048 120
58 71 208.505 88.5048 120
57 72 204.919 89.919 115
57 72 204.919 89.919 115
57 72 204.919 89.919 115
56 72 205.919 90.919 115
56 72 205.919 90.919 115
56 72 205.919 90.919 115
55 73 202.333 92.3333 110
55 73 202.333 92.3333 110
55 73 202.333 92.3333 110
55 73 202.333 92.3333 110
54 74 198.747 93.7475 105
54 74 198.747 93.7475 105
54 74 198.747 93.7475 105
54 75 194.747 94.7475 100
54 75 194.747 94.7475 100
53 75 195.162 95.1617 100
53 75 195.162 95.1617 100
52 76 191.576 96.5759 95
52 76 191.576 96.5759 95
52 76 191.576 96.5759 95
52 76 191.576 96.5759 95
52 77 187.576 97.5759 90
52 77 187.576 97.5759 90
51 78 183.99 98.9901 85
51 78 183.99 98.9901 85
51 78 183.99 98.9901 85
51 78 183.99 98.9901 85
51 78 183.99 98.9901 85
50 79 180.404 100.404 80
50 79 180.404 100.404 80
49 79 181.404 101.404 80
49 79 181.404 101.404 80
49 79 181.404 101.404 80
48 80 177.819 102.819 75
48 80 177.819 102.819 75
48 80 177.819 102.819 75
48 80 177.819 102.819 75
48 80 177.819 102.819 75
48 81 173.819 103.819 70
48 81 173.819 103.819 70
47 82 170.233 105.233 65
47 82 170.233 105.233 65
47 82 170.233 105.233 65
46 83 166.647 106.647 60
46 83 166.647 106.647 60
46 83 166.647 106.647 60
45 84 163.061 108.061 55
45 84 163.061 108.061 55
45 84 163.061 108.061 55
44 84 164.061 109.061 55
44 84 164.061 109.061 55
44 84 164.061 109.061 55
43 85 160.475 110.475 50
43 85 160.475 110.475 50
43 85 160.475 110.475 50
43 85 160.475 110.475 50
43 85 160.475 110.475 50
43 86 156.475 111.475 45
43 86 156.475 111.475 45
42 86 156.89 111.89 45
42 86 156.89 111.89 45
42 86 156.89 111.89 45
41 87 153.304 113.304 40
41 87 153.304 113.304 40
41 87 153.304 113.304 40
41 87 153.304 113.304 40
41 87 153.304 113.304 40
41 88 149.304 114.304 35
41 88 149.304 114.304 35
41 88 149.304 114.304 35
40 89 145.718 115.718 30
40 89 145.718 115.718 30
40 89 145.718 115.718 30
40 89 145.718 115.718 30
39 90 142.132 117.132 25
39 90 142.132 117.132 25
39 90 142.132 117.132 25
39 90 142.132 117.132 25
39 90 142.132 117.132 25
38 91 138.546 118.546 20
38 91 138.546 118.546 20
38 91 138.546 118.546 20
38 91 138.546 118.546 20
38 91 138.546 118.546 20
37 92 134.961 119.961 15
37 92 134.961 119.961 15
37 92 134.961 119.961 15
37 92 134.961 119.961 15
36 93 131.375 121.375 10
36 93 131.375 121.375 10
36 93 131.375 121.375 10
36 93 131.375 121.375 10
36 93 131.375 121.375 10
35 94 127.789 122.789 5
35 94 127.789 122.789 5
35 94 127.789 122.789 5
35 94 127.789 122.789 5
35 94 127.789 122.789 5
34 95 124.203 124.203 0
34 95 124.203 124.203 0
34 95 124.203 124.203 0
35 95 128.789 123.789 5
33 95 130.203 125.203 5
33 95 130.203 125.203 5
33 95 130.203 125.203 5
33 94 130.618 125.618 5
33 96 130.618 125.618 5
33 96 130.618 125.618 5
36 94 132.375 122.375 10
34 93 134.203 124.203 10
36 95 134.203 124.203 10
36 96 135.203 125.203 10
36 96 135.203 125.203 10
36 96 135.203 125.203 10
36 92 135.961 120.961 15
32 95 136.203 126.203 10
32 95 136.203 126.203 10
36 97 136.203 126.203 10
36 97 136.203 126.203 10
33 97 136.618 126.618 10
33 97 136.618 126.618 10
32 94 136.618 126.618 10
32 93 137.032 127.032 10
32 93 137.032 127.032 10
32 97 137.032 127.032 10
35 92 137.789 122.789 15
37 94 137.789 122.789 15
37 94 137.789 122.789 15
37 95 138.789 123.789 15
38 92 139.546 119.546 20
33 92 140.618 125.618 15
33 92 140.618 125.618 15
37 96 140.618 125.618 15
36 91 141.375 121.375 20
38 93 141.375 121.375 20
37 97 141.618 126.618 15
31 95 142.203 127.203 15
31 95 142.203 127.203 15
31 95 142.203 127.203 15
36 98 142.203 127.203 15
36 98 142.203 127.203 15
36 98 142.203 127.203 15
35 91 142.375 122.375 20
37 98 142.618 127.618 15
31 94 142.618 127.618 15
33 98 142.618 127.618 15
33 98 142.618 127.618 15
33 98 142.618 127.618 15
31 93 143.032 128.032 15
32 98 143.032 128.032 15
32 92 143.032 128.032 15
39 91 143.132 118.132 25
31 98 143.446 128.446 15
31 98 143.446 128.446 15
31 98 143.446 128.446 15
38 94 143.789 123.789 20
34 91 144.203 124.203 20
38 95 144.203 124.203 20
37 90 144.961 119.961 25
39 92 144.961 119.961 25
38 96 145.203 125.203 20
39 93 145.961 120.961 25
33 91 146.618 126.618 20
40 90 146.718 116.718 30
32 91 147.032 127.032 20
38 97 147.032 127.032 20
35 90 147.789 122.789 25
35 90 147.789 122.789 25
39 94 147.789 122.789 25
36 99 147.828 127.828 20
36 99 147.828 127.828 20
36 99 147.828 127.828 20
38 98 148.032 128.032 20
35 99 148.087 128.087 20
37 99 148.087 128.087 20
30 95 148.203 128.203 20
33 99 148.243 128.243 20
33 99 148.243 128.243 20
38 99 148.501 128.501 20
38 89 148.546 118.546 30
30 94 148.618 128.618 20
30 96 148.618 128.618 20
31 99 148.916 128.916 20
30 93 149.032 129.032 20
30 99 149.33 129.33 20
30 99 149.33 129.33 20
31 91 149.446 129.446 20
30 92 149.446 129.446 20
40 88 149.718 114.718 35
41 89 150.304 115.304 35
33 90 150.618 125.618 25
39 96 150.618 125.618 25
36 89 151.375 121.375 30
39 97 151.618 126.618 25
39 88 152.132 117.132 35
41 90 152.132 117.132 35
40 94 152.375 122.375 30
41 91 153.132 118.132 35
31 90 153.446 128.446 25
39 98 153.446 128.446 25
36 100 153.453 128.453 25
36 100 153.453 128.453 25
35 100 153.712 128.712 25
37 100 153.712 128.712 25
35 89 153.789 123.789 30
33 100 153.868 128.868 25
33 100 153.868 128.868 25
38 100 153.971 128.971 25
32 100 154.126 129.126 25
34 89 154.203 124.203 30
40 95 154.203 124.203 30
40 87 154.304 114.304 40
29 99 154.58 129.58 25
29 99 154.58 129.58 25
29 99 154.58 129.58 25
29 96 154.618 129.618 25
29 96 154.618 129.618 25
29 96 154.618 129.618 25
42 88 154.718 114.718 40
30 100 154.8 129.8 25
37 88 154.961 119.961 35
37 88 154.961 119.961 35
29 93 155.032 130.032 25
29 93 155.032 130.032 25
29 100 155.214 130.214 25
29 92 155.446 130.446 25
42 89 155.718 115.718 40
30 90 155.86 130.86 25
29 91 155.86 130.86 25
32 89 157.032 127.032 30
32 89 157.032 127.032 30
40 97 157.032 127.032 30
40 97 157.032 127.032 30
43 87 157.475 112.475 45
35 88 157.789 122.789 35
40 98 158.032 128.032 30
38 87 158.546 118.546 40
42 91 158.546 118.546 40
41 95 158.789 123.789 35
41 95 158.789 123.789 35
41 95 158.789 123.789 35
40 99 159.33 129.33 30
36 101 159.453 129.453 30
36 101 159.453 129.453 30
42 92 159.546 119.546 40
42 92 159.546 119.546 40
28 99 159.83 129.83 30
28 99 159.83 129.83 30
28 99 159.83 129.83 30
30 89 159.86 129.86 30
30 89 159.86 129.86 30
33 101 159.868 129.868 30
33 101 159.868 129.868 30
33 101 159.868 129.868 30
37 101 159.868 129.868 30
38 101 160.126 130.126 30
34 88 160.203 125.203 35
32 101 160.282 130.282 30
28 98 160.464 130.464 30
31 101 160.541 130.541 30
42 93 160.546 120.546 40
33 88 160.618 125.618 35
41 96 160.618 125.618 35
28 96 160.618 130.618 30
39 86 160.718 115.718 45
28 95 161.032 131.032 30
43 89 161.132 116.132 45
29 101 161.214 131.214 30
29 101 161.214 131.214 30
36 87 161.375 121.375 40
28 92 161.446 131.446 30
28 92 161.446 131.446 30
28 92 161.446 131.446 30
28 101 161.628 131.628 30
28 91 161.86 131.86 30
44 86 161.89 111.89 50
44 86 161.89 111.89 50
29 89 162.274 132.274 30
28 90 162.274 132.274 30
44 87 162.89 112.89 50
41 97 163.032 128.032 35
31 88 163.446 128.446 35
41 98 163.446 128.446 35
44 88 163.89 113.89 50
41 99 163.916 128.916 35
42 95 164.789 124.789 40
42 95 164.789 124.789 40
37 86 164.961 119.961 45
37 86 164.961 119.961 45
43 92 164.961 119.961 45
43 92 164.961 119.961 45
43 84 165.061 110.061 55
27 99 165.08 130.08 35
27 99 165.08 130.08 35
42 96 165.203 125.203 40
41 100 165.214 130.214 35
41 100 165.214 130.214 35
36 102 165.453 130.453 35
36 102 165.453 130.453 35
36 102 165.453 130.453 35
27 98 165.714 130.714 35
27 100 165.714 130.714 35
30 88 165.86 130.86 35
33 102 165.868 130.868 35
33 102 165.868 130.868 35
33 102 165.868 130.868 35
43 93 165.961 120.961 45
41 101 166.214 131.214 35
29 88 166.274 131.274 35
32 102 166.282 131.282 35
39 102 166.541 131.541 35
33 87 166.618 126.618 40
27 96 166.618 131.618 35
27 96 166.618 131.618 35
31 102 166.696 131.696 35
42 84 166.89 111.89 55
30 102 166.955 131.955 35
32 87 167.032 127.032 40
42 97 167.032 127.032 40
38 85 167.132 117.132 50
38 85 167.132 117.132 50
38 85 167.132 117.132 50
29 102 167.214 132.214 35
41 102 167.214 132.214 35
41 102 167.214 132.214 35
27 92 167.446 132.446 35
27 92 167.446 132.446 35
44 90 167.546 117.546 50
44 90 167.546 117.546 50
28 102 167.628 132.628 35
35 86 167.789 122.789 45
27 91 167.86 132.86 35
27 102 168.042 133.042 35
27 102 168.042 133.042 35
27 90 168.274 133.274 35
45 87 168.304 113.304 55
28 88 168.689 133.689 35
27 89 168.689 133.689 35
42 99 169.33 129.33 40
42 99 169.33 129.33 40
46 85 169.475 109.475 60
27 88 169.689 134.689 35
42 100 169.8 129.8 40
45 89 170.304 115.304 55
26 99 170.33 130.33 40
26 99 170.33 130.33 40
26 99 170.33 130.33 40
43 83 170.475 110.475 60
43 83 170.475 110.475 60
43 95 170.789 125.789 45
37 85 170.961 120.961 50
44 92 170.961 120.961 50
44 92 170.961 120.961 50
26 100 170.964 130.964 40
43 96 171.203 126.203 45
46 82 171.233 106.233 65
36 85 171.375 121.375 50
44 93 171.375 121.375 50
36 103 171.453 131.453 40
36 103 171.453 131.453 40
36 103 171.453 131.453 40
42 83 171.475 111.475 60
42 101 171.628 131.628 40
33 103 171.868 131.868 40
33 103 171.868 131.868 40
33 103 171.868 131.868 40
26 97 172.128 132.128 40
26 97 172.128 132.128 40
26 101 172.128 132.128 40
29 87 172.274 132.274 40
32 103 172.282 132.282 40
44 94 172.375 122.375 50
33 86 172.618 127.618 45
26 96 172.618 132.618 40
28 87 172.689 132.689 40
31 103 172.696 132.696 40
40 103 172.955 132.955 40
40 103 172.955 132.955 40
40 103 172.955 132.955 40
26 95 173.032 133.032 40
47 84 173.061 108.061 65
30 103 173.11 133.11 40
38 84 173.132 118.132 55
38 84 173.132 118.132 55
38 84 173.132 118.132 55
41 103 173.214 133.214 40
41 83 173.304 113.304 60
41 83 173.304 113.304 60
29 103 173.369 133.369 40
31 86 173.446 128.446 45
31 86 173.446 128.446 45
43 98 173.446 128.446 45
26 92 173.446 133.446 40
26 92 173.446 133.446 40
37 84 173.546 118.546 55
45 90 173.546 118.546 55
42 103 173.628 133.628 40
26 91 173.86 133.86 40
45 91 173.961 118.961 55
27 103 174.042 134.042 40
26 102 174.042 134.042 40
34 85 174.203 124.203 50
47 81 174.233 104.233 70
26 90 174.274 134.274 40
40 83 174.304 114.304 60
26 103 174.456 134.456 40
43 99 174.58 129.58 45
26 89 174.689 134.689 40
46 88 174.718 114.718 60
46 88 174.718 114.718 60
43 100 175.214 130.214 45
25 99 175.58 130.58 45
25 99 175.58 130.58 45
47 86 175.89 110.89 65
47 86 175.89 110.89 65
26 87 176.103 136.103 40
26 87 176.103 136.103 40
25 98 176.214 131.214 45
48 83 176.647 106.647 70
48 83 176.647 106.647 70
46 90 176.718 116.718 60
46 90 176.718 116.718 60
44 82 176.89 111.89 65
44 82 176.89 111.89 65
42 82 176.89 111.89 65
42 82 176.89 111.89 65
44 96 177.203 127.203 50
44 96 177.203 127.203 50
45 93 177.375 122.375 55
25 101 177.378 132.378 45
36 104 177.453 132.453 45
36 104 177.453 132.453 45
36 104 177.453 132.453 45
45 81 177.647 107.647 70
35 84 177.789 122.789 55
45 94 177.789 122.789 55
33 104 177.868 132.868 45
33 104 177.868 132.868 45
33 104 177.868 132.868 45
37 104 177.868 132.868 45
41 82 177.89 112.89 65
43 102 178.042 133.042 45
25 97 178.128 133.128 45
32 104 178.282 133.282 45
25 102 178.542 133.542 45
33 85 178.618 128.618 50
28 86 178.689 133.689 45
28 86 178.689 133.689 45
31 104 178.696 133.696 45
45 95 178.789 123.789 55
47 80 178.819 103.819 75
40 104 178.955 133.955 45
40 104 178.955 133.955 45
40 104 178.955 133.955 45
27 86 179.103 134.103 45
38 83 179.132 119.132 60
38 83 179.132 119.132 60
49 81 179.233 104.233 75
49 81 179.233 104.233 75
44 99 179.33 129.33 50
44 99 179.33 129.33 50
31 85 179.446 129.446 50
31 85 179.446 129.446 50
25 94 179.446 134.446 45
25 92 179.446 134.446 45
48 85 179.475 109.475 70
29 104 179.524 134.524 45
37 83 179.546 119.546 60
42 104 179.628 134.628 45
28 104 179.783 134.783 45
30 85 179.86 129.86 50
25 91 179.86 134.86 45
36 83 179.961 119.961 60
46 91 179.961 119.961 60
43 104 180.042 135.042 45
43 104 180.042 135.042 45
34 84 180.203 125.203 55
49 82 180.233 105.233 75
25 90 180.274 135.274 45
46 92 180.375 120.375 60
26 104 180.456 135.456 45
26 104 180.456 135.456 45
44 100 180.464 130.464 50
46 80 180.647 105.647 75
25 89 180.689 135.689 45
39 82 180.718 115.718 65
24 99 180.83 130.83 50
24 99 180.83 130.83 50
24 99 180.83 130.83 50
25 104 180.871 135.871 45
25 88 181.103 136.103 45
47 87 181.132 116.132 65
47 89 181.132 116.132 65
47 89 181.132 116.132 65
50 80 181.404 101.404 80
24 98 181.464 131.464 50
44 101 181.628 131.628 50
48 86 181.89 111.89 70
26 86 182.103 137.103 45
48 87 182.304 112.304 70
48 79 182.404 102.404 80
25 86 182.517 137.517 45
25 86 182.517 137.517 45
24 97 182.628 132.628 50
49 83 182.647 107.647 75
47 90 182.718 117.718 65
44 81 182.89 112.89 70
42 81 182.89 112.89 70
42 81 182.89 112.89 70
49 84 183.061 108.061 75
47 91 183.132 118.132 65
45 96 183.203 128.203 55
41 81 183.304 113.304 70
36 105 183.453 133.453 50
45 97 183.618 128.618 55
46 94 183.789 123.789 60
24 102 183.792 133.792 50
24 102 183.792 133.792 50
24 102 183.792 133.792 50
33 105 183.868 133.868 50
33 105 183.868 133.868 50
33 105 183.868 133.868 50
37 105 183.868 133.868 50
44 80 184.061 109.061 75
44 80 184.061 109.061 75
34 83 184.203 124.203 60
34 83 184.203 124.203 60
46 95 184.203 124.203 60
47 79 184.233 104.233 80
32 105 184.282 134.282 50
38 105 184.282 134.282 50
40 81 184.304 114.304 70
44 103 184.456 134.456 50
24 96 184.542 134.542 50
45 99 184.58 129.58 55
45 99 184.58 129.58 55
31 105 184.696 134.696 50
40 105 184.955 134.955 50
40 105 184.955 134.955 50
24 103 184.956 134.956 50
50 78 184.99 99.9901 85
51 79 184.99 99.9901 85
32 84 185.032 130.032 55
32 84 185.032 130.032 55
29 85 185.103 135.103 50
27 85 185.103 135.103 50
27 85 185.103 135.103 50
30 105 185.11 135.11 50
38 82 185.132 120.132 65
46 96 185.203 125.203 60
45 100 185.214 130.214 55
46 79 185.233 105.233 80
50 81 185.233 105.233 80
41 105 185.369 135.369 50
31 84 185.446 130.446 55
49 85 185.475 110.475 75
26 85 185.517 135.517 50
37 82 185.546 120.546 65
50 82 185.647 105.647 80
24 93 185.86 135.86 50
24 93 185.86 135.86 50
24 91 185.86 135.86 50
28 105 185.939 135.939 50
28 105 185.939 135.939 50
43 105 186.042 136.042 50
44 104 186.042 136.042 50
27 105 186.197 136.197 50
23 99 186.205 131.205 55
29 84 186.274 131.274 55
24 90 186.274 136.274 50
35 82 186.375 121.375 65
47 92 186.375 121.375 65
44 105 186.456 136.456 50
26 105 186.456 136.456 50
33 83 186.618 126.618 60
50 83 186.647 106.647 80
24 89 186.689 136.689 50
23 98 186.714 131.714 55
25 105 186.871 136.871 50
45 101 186.878 131.878 55
24 88 187.103 137.103 50
38 81 187.132 117.132 70
48 89 187.132 117.132 70
48 89 187.132 117.132 70
24 105 187.285 137.285 50
24 105 187.285 137.285 50
48 90 187.546 117.546 70
48 78 187.819 102.819 85
48 78 187.819 102.819 85
51 81 187.819 102.819 85
51 81 187.819 102.819 85
45 102 188.042 133.042 55
49 87 188.304 113.304 75
49 87 188.304 113.304 75
25 85 188.517 138.517 50
24 86 188.517 138.517 50
49 88 188.718 113.718 75
42 80 188.89 113.89 75
42 80 188.89 113.89 75
24 85 188.931 138.931 50
48 91 189.132 119.132 70
41 80 189.304 114.304 75
48 92 189.546 119.546 70
46 97 189.618 129.618 60
40 80 189.718 114.718 75
46 99 189.83 129.83 60
46 99 189.83 129.83 60
33 106 189.868 134.868 55
37 106 189.868 134.868 55
37 106 189.868 134.868 55
37 106 189.868 134.868 55
52 79 189.874 99.874 90
52 79 189.874 99.874 90
44 79 190.061 110.061 80
34 82 190.203 125.203 65
23 103 190.206 135.206 55
23 103 190.206 135.206 55
34 106 190.282 135.282 55
38 106 190.282 135.282 55
50 77 190.404 100.404 90
50 77 190.404 100.404 90
46 100 190.464 130.464 60
43 79 190.475 110.475 80
33 82 190.618 125.618 65
47 96 190.618 125.618 65
31 106 190.696 135.696 55
39 106 190.696 135.696 55
39 80 190.718 115.718 75
45 104 190.871 135.871 55
40 106 190.955 135.955 55
32 83 191.032 131.032 60
27 84 191.103 136.103 55
27 84 191.103 136.103 55
30 106 191.11 136.11 55
41 106 191.369 136.369 55
49 77 191.404 101.404 90
31 83 191.446 131.446 60
29 106 191.524 136.524 55
37 81 191.546 121.546 70
22 99 191.58 131.58 60
22 99 191.58 131.58 60
22 99 191.58 131.58 60
47 97 191.618 126.618 65
46 101 191.628 131.628 60
45 78 191.647 106.647 85
51 82 191.647 106.647 85
23 95 191.663 136.663 55
30 83 191.86 131.86 60
50 86 191.89 111.89 80
25 84 191.931 136.931 55
28 106 191.939 136.939 55
51 83 192.061 107.061 85
23 104 192.078 137.078 55
27 106 192.353 137.353 55
23 93 192.36 137.36 55
23 93 192.36 137.36 55
23 91 192.36 137.36 55
23 91 192.36 137.36 55
44 106 192.456 137.456 55
44 106 192.456 137.456 55
45 105 192.456 137.456 55
51 76 192.576 97.5759 95
26 106 192.612 137.612 55
28 83 192.689 132.689 60
28 83 192.689 132.689 60
34 81 192.789 122.789 70
34 81 192.789 122.789 70
48 93 192.789 122.789 70
25 106 192.871 137.871 55
53 77 192.99 97.9901 95
32 82 193.032 128.032 65
51 84 193.061 108.061 85
49 89 193.132 118.132 75
24 106 193.285 138.285 55
46 102 193.292 133.292 60
23 89 193.396 138.396 55
23 89 193.396 138.396 55
52 81 193.444 103.444 90
37 80 193.546 118.546 75
49 90 193.546 118.546 75
52 82 193.702 103.702 90
23 88 193.81 138.81 55
48 77 193.819 103.819 90
22 97 193.835 133.835 60
22 97 193.835 133.835 60
49 91 193.961 118.961 75
53 78 193.99 98.9901 95
23 87 194.224 139.224 55
47 77 194.233 104.233 90
23 106 194.406 139.406 55
50 88 194.718 114.718 80
42 79 194.89 114.89 80
24 84 194.931 139.931 55
47 99 195.08 130.08 65
47 99 195.08 130.08 65
53 79 195.124 100.124 95
41 79 195.304 115.304 80
49 92 195.546 120.546 75
53 80 195.758 100.758 95
37 107 195.868 135.868 60
37 107 195.868 135.868 60
37 107 195.868 135.868 60
23 84 196.053 141.053 55
39 79 196.132 116.132 80
32 107 196.282 136.282 60
32 107 196.282 136.282 60
32 107 196.282 136.282 60
36 107 196.282 136.282 60
38 107 196.282 136.282 60
50 76 196.404 101.404 95
43 78 196.475 111.475 85
43 78 196.475 111.475 85
33 81 196.618 126.618 70
22 104 196.621 136.621 60
35 107 196.696 136.696 60
39 107 196.696 136.696 60
22 103 196.706 136.706 60
49 76 196.819 101.819 95
46 104 196.871 136.871 60
47 101 196.878 131.878 65
21 99 196.955 131.955 65
21 99 196.955 131.955 65
21 99 196.955 131.955 65
32 81 197.032 127.032 70
48 97 197.032 127.032 70
48 97 197.032 127.032 70
27 83 197.103 137.103 60
30 107 197.11 137.11 60
30 107 197.11 137.11 60
40 107 197.11 137.11 60
38 79 197.132 117.132 80
41 107 197.369 137.369 60
31 82 197.446 132.446 65
21 98 197.464 132.464 65
26 83 197.517 137.517 60
29 107 197.524 137.524 60
52 83 197.531 107.531 90
48 76 197.819 102.819 95
28 107 197.939 137.939 60
52 84 197.945 107.945 90
36 80 197.961 122.961 75
51 75 197.99 97.9901 100
51 75 197.99 97.9901 100
48 98 198.032 128.032 70
47 102 198.042 133.042 65
44 77 198.061 108.061 90
44 77 198.061 108.061 90
44 77 198.061 108.061 90
21 100 198.171 133.171 65
29 82 198.274 133.274 65
51 87 198.304 113.304 85
51 87 198.304 113.304 85
51 87 198.304 113.304 85
24 83 198.345 138.345 60
27 107 198.353 138.353 60
44 107 198.456 138.456 60
44 107 198.456 138.456 60
26 107 198.767 138.767 60
34 80 198.789 123.789 75
34 80 198.789 123.789 75
45 107 198.871 138.871 60
46 106 198.871 138.871 60
52 85 198.945 108.945 90
50 75 198.99 98.9901 100
25 107 199.026 139.026 60
27 82 199.103 134.103 65
22 105 199.199 139.199 60
33 80 199.203 124.203 75
49 94 199.203 124.203 75
24 107 199.285 139.285 60
53 82 199.327 104.327 95
53 82 199.327 104.327 95
22 93 199.36 139.36 60
22 93 199.36 139.36 60
22 91 199.36 139.36 60
22 91 199.36 139.36 60
54 78 199.404 99.4043 100
54 78 199.404 99.4043 100
22 94 199.492 139.492 60
50 90 199.546 119.546 80
53 83 199.586 104.586 95
23 107 199.699 139.699 60
54 79 199.874 99.874 100
36 79 199.961 119.961 80
36 79 199.961 119.961 80
50 91 199.961 119.961 80
47 76 200.233 105.233 95
48 99 200.33 130.33 70
50 92 200.375 120.375 80
22 89 200.396 140.396 60
46 76 200.647 105.647 95
22 87 200.931 140.931 60
22 87 200.931 140.931 60
48 100 200.964 130.964 70
51 89 201.132 116.132 85
51 89 201.132 116.132 85
55 76 201.162 96.1617 105
55 76 201.162 96.1617 105
52 74 201.576 96.5759 105
21 96 201.663 136.663 65
40 78 201.718 116.718 85
37 108 201.868 136.868 65
37 108 201.868 136.868 65
50 93 201.961 121.961 80
22 86 202.053 142.053 60
22 107 202.235 142.235 60
22 107 202.235 142.235 60
32 108 202.282 137.282 65
32 108 202.282 137.282 65
32 108 202.282 137.282 65
20 99 202.455 132.455 70
20 99 202.455 132.455 70
20 99 202.455 132.455 70
43 77 202.475 112.475 90
38 78 202.546 117.546 85
31 108 202.696 137.696 65
33 108 202.696 137.696 65
39 108 202.696 137.696 65
49 75 202.819 102.819 100
42 77 202.89 112.89 90
20 100 203.016 133.016 70
32 80 203.032 128.032 75
30 108 203.11 138.11 65
40 108 203.11 138.11 65
21 104 203.121 138.121 65
22 83 203.174 143.174 60
22 83 203.174 143.174 60
22 83 203.174 143.174 60
48 75 203.233 103.233 100
47 105 203.285 138.285 65
47 105 203.285 138.285 65
48 102 203.292 133.292 70
48 102 203.292 133.292 70
54 73 203.333 93.3333 110
53 84 203.415 108.415 95
49 96 203.446 128.446 75
31 80 203.446 128.446 75
49 98 203.446 128.446 75
26 82 203.517 138.517 65
29 108 203.524 138.524 65
41 108 203.524 138.524 65
37 78 203.546 118.546 85
20 98 203.723 133.723 70
56 74 203.747 93.7475 110
42 108 203.783 138.783 65
53 85 203.829 108.829 95
30 81 203.86 133.86 70
49 99 203.916 128.916 75
52 87 203.929 113.929 90
52 87 203.929 113.929 90
25 82 203.931 138.931 65
28 108 203.939 138.939 65
44 76 204.061 109.061 95
44 76 204.061 109.061 95
47 75 204.233 104.233 100
27 108 204.353 139.353 65
35 79 204.375 124.375 80
50 74 204.404 99.4043 105
44 108 204.456 139.456 65
48 103 204.456 134.456 70
21 102 204.535 139.535 65
20 97 204.585 134.585 70
28 81 204.689 134.689 70
23 82 204.76 139.76 65
26 108 204.767 139.767 65
34 79 204.789 124.789 80
53 86 204.829 109.829 95
45 108 204.871 139.871 65
25 108 205.181 140.181 65
46 108 205.285 140.285 65
47 107 205.285 140.285 65
47 107 205.285 140.285 65
55 79 205.288 100.288 105
55 79 205.288 100.288 105
55 79 205.288 100.288 105
54 82 205.327 105.327 100
26 81 205.517 135.517 70
32 79 205.618 125.618 80
50 95 205.618 125.618 80
50 95 205.618 125.618 80
23 108 205.699 140.699 65
54 83 205.742 105.742 100
55 80 205.758 100.758 105
57 73 205.919 90.919 115
51 91 205.961 120.961 85
51 91 205.961 120.961 85
36 78 205.961 120.961 85
20 101 205.999 135.999 70
54 84 206.001 106.001 100
49 100 206.214 131.214 75
21 106 206.32 141.32 65
21 106 206.32 141.32 65
21 91 206.36 141.36 65
21 91 206.36 141.36 65
21 91 206.36 141.36 65
35 78 206.375 121.375 85
51 92 206.375 121.375 85
21 92 206.481 141.481 65
52 89 206.757 116.757 90
51 93 206.789 121.789 85
22 108 206.82 141.82 65
55 72 206.919 91.919 115
52 90 207.016 117.016 90
45 75 207.061 107.061 100
56 76 207.162 97.1617 110
56 76 207.162 97.1617 110
21 94 207.189 142.189 65
21 90 207.189 142.189 65
49 101 207.378 132.378 75
21 87 207.431 142.431 65
21 87 207.431 142.431 65
19 99 207.83 132.83 75
19 99 207.83 132.83 75
19 99 207.83 132.83 75
37 109 207.868 137.868 70
37 109 207.868 137.868 70
37 109 207.868 137.868 70
51 73 207.99 97.9901 110
21 86 208.053 143.053 65
39 77 208.132 118.132 90
39 77 208.132 118.132 90
32 109 208.282 138.282 70
32 109 208.282 138.282 70
36 109 208.282 138.282 70
51 94 208.375 123.375 85
19 98 208.516 133.516 75
19 100 208.516 133.516 75
31 109 208.696 138.696 70
33 109 208.696 138.696 70
54 72 208.747 93.7475 115
20 95 208.785 138.785 70
20 95 208.785 138.785 70
42 76 208.89 113.89 95
57 71 208.919 88.919 120
30 109 209.11 139.11 70
40 109 209.11 139.11 70
40 109 209.11 139.11 70
40 109 209.11 139.11 70
21 83 209.174 144.174 65
21 83 209.174 144.174 65
21 107 209.235 144.235 65
50 100 209.269 129.269 80
50 100 209.269 129.269 80
48 105 209.285 139.285 70
49 102 209.292 134.292 75
41 76 209.304 114.304 95
50 99 209.33 129.33 80
31 79 209.446 129.446 80
58 72 209.505 89.5048 120
29 109 209.524 139.524 70
53 87 209.554 114.554 95
21 82 209.588 144.588 65
47 74 209.647 104.647 105
48 106 209.699 139.699 70
49 103 209.706 134.706 75
53 72 209.747 94.7475 115
53 88 209.813 114.813 95
54 85 209.829 109.829 100
50 97 209.86 129.86 80
30 79 209.86 129.86 80
30 79 209.86 129.86 80
25 81 209.931 139.931 70
42 109 209.939 139.939 70
19 101 210.137 135.137 75
57 75 210.162 95.1617 115
57 75 210.162 95.1617 115
43 109 210.197 140.197 70
20 103 210.242 140.242 70
54 86 210.243 110.243 100
29 80 210.274 135.274 75
24 81 210.345 140.345 70
27 109 210.353 140.353 70
43 75 210.475 110.475 100
56 79 210.538 100.538 110
56 79 210.538 100.538 110
28 80 210.689 135.689 75
26 109 210.767 140.767 70
34 78 210.789 125.789 85
49 73 210.819 100.819 110
49 73 210.819 100.819 110
19 97 210.844 135.844 75
29 79 210.86 130.86 80
45 109 210.871 140.871 70
45 109 210.871 140.871 70
49 104 210.871 135.871 75
56 80 211.172 101.172 110
33 78 211.203 126.203 85
54 87 211.243 111.243 100
23 81 211.26 141.26 70
46 109 211.285 141.285 70
48 107 211.285 141.285 70
56 71 211.333 91.3333 120
26 80 211.517 136.517 75
26 80 211.517 136.517 75
24 109 211.595 141.595 70
51 95 211.618 126.618 85
48 108 211.699 141.699 70
55 83 211.742 106.742 105
55 83 211.742 106.742 105
52 92 211.845 121.845 90
31 78 212.032 127.032 85
51 96 212.032 127.032 85
50 101 212.098 132.098 80
22 109 212.113 142.113 70
55 84 212.156 107.156 105
56 81 212.172 102.172 110
52 93 212.259 122.259 90
55 71 212.333 92.3333 120
58 74 212.333 92.3333 120
58 74 212.333 92.3333 120
35 77 212.375 122.375 90
19 96 212.413 137.413 75
55 85 212.415 107.415 105
52 94 212.673 122.673 90
34 77 212.789 122.789 90
20 106 212.82 142.82 70
20 106 212.82 142.82 70
20 106 212.82 142.82 70
20 91 212.86 142.86 70
20 91 212.86 142.86 70
18 99 213.08 133.08 80
18 99 213.08 133.08 80
18 99 213.08 133.08 80
19 102 213.121 138.121 75
50 102 213.262 133.262 80
54 71 213.333 93.3333 120
44 74 213.475 108.475 105
44 74 213.475 108.475 105
20 92 213.481 143.481 70
57 77 213.576 98.5759 115
37 110 213.868 138.868 75
37 110 213.868 138.868 75
37 110 213.868 138.868 75
59 71 213.919 88.919 125
20 87 213.931 143.931 70
20 87 213.931 143.931 70
20 87 213.931 143.931 70
20 107 214.149 144.149 70
20 90 214.189 144.189 70
52 95 214.259 124.259 90
32 110 214.282 139.282 75
32 110 214.282 139.282 75
32 110 214.282 139.282 75
38 110 214.282 139.282 75
52 72 214.404 99.4043 115
18 98 214.421 134.421 80
18 100 214.421 134.421 80
40 76 214.546 119.546 95
38 76 214.546 119.546 95
38 76 214.546 119.546 95
21 109 214.649 144.649 70
33 110 214.696 139.696 75
19 95 214.785 139.785 75
51 100 214.894 129.894 85
51 100 214.894 129.894 85
51 100 214.894 129.894 85
30 110 215.11 140.11 75
30 110 215.11 140.11 75
40 110 215.11 140.11 75
40 110 215.11 140.11 75
51 99 215.153 130.153 85
53 71 215.162 95.1617 120
20 83 215.174 145.174 70
20 83 215.174 145.174 70
41 75 215.304 115.304 100
41 75 215.304 115.304 100
56 70 215.333 90.3333 125
29 110 215.524 140.524 75
20 82 215.588 145.588 70
18 97 215.637 135.637 80
18 101 215.637 135.637 80
49 106 215.699 140.699 75
49 106 215.699 140.699 75
40 75 215.718 115.718 100
57 79 215.788 100.788 115
57 79 215.788 100.788 115
30 78 215.86 130.86 85
20 85 215.881 145.881 70
19 94 215.906 140.906 75
59 73 215.919 90.919 125
28 110 215.939 140.939 75
54 88 215.968 115.968 100
46 73 216.061 106.061 110
46 73 216.061 106.061 110
46 73 216.061 106.061 110
49 107 216.113 141.113 75
52 71 216.162 96.1617 120
54 89 216.227 116.227 100
55 86 216.243 111.243 105
29 78 216.274 131.274 85
24 80 216.345 141.345 75
24 80 216.345 141.345 75
43 110 216.353 141.353 75
43 110 216.353 141.353 75
57 80 216.422 101.422 115
58 76 216.576 96.5759 120
28 79 216.689 136.689 80
19 103 216.742 141.742 75
23 80 216.76 141.76 75
26 110 216.767 141.767 75
26 110 216.767 141.767 75
49 72 216.819 101.819 115
49 72 216.819 101.819 115
45 110 216.871 141.871 75
42 74 216.89 111.89 105
20 108 217.063 147.063 70
58 69 217.091 87.0906 130
27 79 217.103 137.103 80
33 77 217.203 127.203 90
48 72 217.233 102.233 115
28 78 217.274 132.274 85
46 110 217.285 142.285 75
52 96 217.501 127.501 90
60 70 217.505 87.5048 130
60 70 217.505 87.5048 130
26 79 217.517 137.517 80
57 81 217.586 102.586 115
32 77 217.618 127.618 90
47 110 217.699 142.699 75
47 110 217.699 142.699 75
48 111 199.113 144.113 55
48 111 199.113 144.113 55
48 111 199.113 144.113 55
48 111 199.113 144.113 55
48 111 199.113 144.113 55
49 111 195.113 145.113 50
49 111 195.113 145.113 50
49 111 195.113 145.113 50
50 111 190.738 145.738 45
50 111 190.738 145.738 45
50 112 190.997 145.997 45
50 112 190.997 145.997 45
50 112 190.997 145.997 45
51 113 186.881 146.881 40
51 113 186.881 146.881 40
51 113 186.881 146.881 40
51 113 186.881 146.881 40
51 113 186.881 146.881 40
52 113 182.506 147.506 35
52 113 182.506 147.506 35
52 113 182.506 147.506 35
53 114 178.39 148.39 30
53 114 178.39 148.39 30
53 114 178.39 148.39 30
53 114 178.39 148.39 30
53 114 178.39 148.39 30
54 115 174.804 149.804 25
54 115 174.804 149.804 25
54 115 174.804 149.804 25
54 115 174.804 149.804 25
55 115 175.804 150.804 25
55 115 175.804 150.804 25
55 115 175.804 150.804 25
56 116 172.218 152.218 20
56 116 172.218 152.218 20
56 116 172.218 152.218 20
56 116 172.218 152.218 20
56 116 172.218 152.218 20
56 117 168.218 153.218 15
56 117 168.218 153.218 15
56 117 168.218 153.218 15
57 118 164.633 154.633 10
57 118 164.633 154.633 10
57 118 164.633 154.633 10
57 118 164.633 154.633 10
57 118 164.633 154.633 10
58 119 160.516 155.516 5
58 119 160.516 155.516 5
58 119 160.516 155.516 5
59 120 156.4 156.4 0
59 120 156.4 156.4 0
59 120 156.4 156.4 0
59 120 156.4 156.4 0
59 120 156.4 156.4 0
60 119 162.284 157.284 5
60 119 162.284 157.284 5
60 119 162.284 157.284 5
59 121 162.4 157.4 5
59 121 162.4 157.4 5
59 121 162.4 157.4 5
58 121 162.814 157.814 5
60 121 162.814 157.814 5
57 119 165.258 155.258 10
58 118 165.633 155.633 10
59 118 166.4 156.4 10
61 119 167.534 157.534 10
61 119 167.534 157.534 10
61 119 167.534 157.534 10
61 118 168.168 158.168 10
61 118 168.168 158.168 10
61 120 168.168 158.168 10
59 122 168.4 158.4 10
57 117 168.633 153.633 15
60 122 168.814 158.814 10
58 122 168.814 158.814 10
57 121 168.814 158.814 10
56 118 169.218 154.218 15
61 122 169.229 159.229 10
61 122 169.229 159.229 10
58 117 171.047 156.047 15
59 117 172.047 157.047 15
62 119 172.784 157.784 15
62 119 172.784 157.784 15
62 119 172.784 157.784 15
60 117 172.814 157.814 15
62 118 173.418 158.418 15
55 117 173.633 153.633 20
61 117 174.168 159.168 15
62 117 174.582 159.582 15
55 118 174.633 154.633 20
58 123 174.814 159.814 15
58 123 174.814 159.814 15
58 123 174.814 159.814 15
58 116 175.047 155.047 20
57 123 175.229 160.229 15
57 123 175.229 160.229 15
61 123 175.229 160.229 15
61 123 175.229 160.229 15
61 123 175.229 160.229 15
62 122 175.229 160.229 15
62 123 175.643 160.643 15
54 116 175.804 150.804 25
56 123 176.229 161.229 15
56 115 176.804 151.804 25
63 119 178.034 158.034 20
63 119 178.034 158.034 20
63 120 178.668 158.668 20
61 116 179.229 159.229 20
54 114 179.39 149.39 30
53 115 179.39 149.39 30
54 117 179.633 154.633 25
63 117 179.832 159.832 20
54 119 180.516 155.516 25
54 119 180.516 155.516 25
62 116 180.582 160.582 20
58 124 180.814 160.814 20
58 124 180.814 160.814 20
63 116 180.996 160.996 20
55 114 181.218 151.218 30
53 116 181.218 151.218 30
59 124 181.229 161.229 20
57 124 181.229 161.229 20
61 124 181.229 161.229 20
59 115 181.461 156.461 25
59 115 181.461 156.461 25
62 124 181.643 161.643 20
56 124 181.643 161.643 20
63 123 181.643 161.643 20
63 123 181.643 161.643 20
56 114 182.218 152.218 30
53 117 182.218 152.218 30
55 124 182.643 162.643 20
55 124 182.643 162.643 20
53 113 183.131 148.131 35
57 114 183.218 153.218 30
64 119 183.284 158.284 25
64 119 183.284 158.284 25
64 119 183.284 158.284 25
64 118 183.918 158.918 25
52 115 184.274 149.274 35
54 113 184.804 149.804 35
64 121 185.082 160.082 25
64 121 185.082 160.082 25
52 116 185.274 150.274 35
62 115 185.643 160.643 25
62 115 185.643 160.643 25
53 119 185.766 155.766 30
53 119 185.766 155.766 30
55 113 185.804 150.804 35
64 116 186.246 161.246 25
64 116 186.246 161.246 25
53 120 186.4 156.4 30
53 120 186.4 156.4 30
54 121 182.814 157.814 25
54 121 182.814 157.814 25
54 122 183.814 158.814 25
58 125 186.814 161.814 25
58 125 186.814 161.814 25
63 115 186.996 161.996 25
52 117 187.102 152.102 35
59 125 187.229 162.229 25
53 121 187.4 157.4 30
64 115 187.411 162.411 25
59 114 187.461 157.461 30
56 125 187.643 162.643 25
56 125 187.643 162.643 25
60 125 187.643 162.643 25
62 125 187.643 162.643 25
62 125 187.643 162.643 25
52 112 187.765 147.765 40
60 114 187.875 157.875 30
51 114 187.881 147.881 40
63 125 188.057 163.057 25
64 124 188.057 163.057 25
64 124 188.057 163.057 25
53 112 188.39 148.39 40
65 119 188.534 158.534 30
65 119 188.534 158.534 30
65 119 188.534 158.534 30
57 113 188.633 153.633 35
54 123 189.057 164.057 25
54 125 189.057 164.057 25
54 125 189.057 164.057 25
65 118 189.168 159.168 30
65 120 189.168 159.168 30
53 122 189.229 159.229 30
54 112 189.545 149.545 40
58 113 189.633 154.633 35
51 116 190.158 150.158 40
51 116 190.158 150.158 40
65 117 190.332 160.332 30
52 119 191.016 156.016 35
65 121 191.082 161.082 30
51 117 191.158 151.158 40
55 112 191.218 151.218 40
50 113 191.247 146.247 45
51 111 191.363 146.363 45
65 122 191.496 161.496 30
52 120 191.65 156.65 35
63 114 192.057 162.057 30
63 114 192.057 162.057 30
63 114 192.057 162.057 30
56 112 192.218 152.218 40
65 116 192.246 162.246 30
65 115 192.661 162.661 30
50 114 192.765 147.765 45
51 118 192.986 152.986 40
52 111 193.015 148.015 45
57 126 193.229 163.229 30
57 126 193.229 163.229 30
57 126 193.229 163.229 30
59 113 193.461 158.461 35
56 126 193.643 163.643 30
60 126 193.643 163.643 30
62 126 193.643 163.643 30
50 115 193.765 148.765 45
66 119 193.784 158.784 35
66 119 193.784 158.784 35
66 119 193.784 158.784 35
52 122 193.814 158.814 35
52 122 193.814 158.814 35
65 114 193.825 163.825 30
63 126 194.057 164.057 30
55 126 194.057 164.057 30
65 124 194.057 164.057 30
65 124 194.057 164.057 30
61 113 194.289 159.289 35
61 113 194.289 159.289 35
66 118 194.418 159.418 35
64 126 194.471 164.471 30
65 125 194.471 164.471 30
54 111 194.804 149.804 45
54 111 194.804 149.804 45
58 112 195.047 155.047 40
53 125 195.057 165.057 30
53 125 195.057 165.057 30
53 126 195.471 165.471 30
53 126 195.471 165.471 30
49 110 195.527 145.527 50
49 112 195.527 145.527 50
66 117 195.582 160.582 35
66 121 195.582 160.582 35
52 123 195.643 160.643 35
50 116 195.783 150.783 45
55 111 195.959 150.959 45
50 110 195.997 145.997 50
50 117 196.042 151.042 45
59 112 196.047 156.047 40
51 110 196.622 146.622 50
49 113 196.881 146.881 50
51 120 196.9 156.9 40
51 120 196.9 156.9 40
50 118 197.042 152.042 45
49 114 197.131 147.131 50
52 110 197.247 147.247 50
66 122 197.496 162.496 35
56 111 197.633 152.633 45
66 123 197.911 162.911 35
63 113 198.057 163.057 35
63 113 198.057 163.057 35
51 121 198.064 158.064 40
49 115 198.649 148.649 50
66 115 198.661 163.661 35
50 119 198.87 153.87 45
53 110 198.899 148.899 50
67 119 199.034 159.034 40
67 119 199.034 159.034 40
67 119 199.034 159.034 40
66 114 199.075 164.075 35
57 127 199.229 164.229 35
57 127 199.229 164.229 35
57 127 199.229 164.229 35
58 127 199.643 164.643 35
56 127 199.643 164.643 35
62 127 199.643 164.643 35
62 127 199.643 164.643 35
62 127 199.643 164.643 35
49 116 199.649 149.649 50
67 118 199.668 159.668 40
67 120 199.668 159.668 40
51 122 199.814 159.814 40
61 127 200.057 165.057 35
55 127 200.057 165.057 35
66 124 200.057 165.057 35
48 112 200.113 145.113 55
51 123 200.229 160.229 40
66 113 200.239 165.239 35
61 112 200.289 160.289 40
54 127 200.471 165.471 35
64 127 200.471 165.471 35
64 127 200.471 165.471 35
62 112 200.704 160.704 40
65 127 200.886 165.886 35
65 127 200.886 165.886 35
66 126 200.886 165.886 35
52 125 201.057 166.057 35
55 110 201.218 151.218 50
50 109 201.411 146.411 55
59 111 201.461 156.461 45
52 126 201.471 166.471 35
53 127 201.471 166.471 35
49 117 201.667 151.667 50
51 109 201.881 146.881 55
52 127 201.886 166.886 35
66 127 201.886 166.886 35
49 118 201.925 151.925 50
48 113 201.942 146.942 55
67 116 201.996 161.996 40
67 122 201.996 161.996 40
67 122 201.996 161.996 40
51 124 202.057 162.057 40
56 110 202.374 152.374 50
52 109 202.506 147.506 55
50 120 202.525 157.525 45
50 121 202.784 157.784 45
49 119 202.925 152.925 50
53 109 203.131 148.131 55
48 114 203.295 148.295 55
48 115 203.545 148.545 55
67 123 203.911 163.911 40
50 122 203.948 158.948 45
57 110 204.047 154.047 50
63 112 204.057 164.057 40
68 119 204.284 159.284 45
68 119 204.284 159.284 45
68 119 204.284 159.284 45
67 124 204.325 164.325 40
64 112 204.471 164.471 40
68 120 204.918 159.918 45
48 116 205.063 150.063 55
67 114 205.075 165.075 40
67 114 205.075 165.075 40
57 128 205.229 165.229 40
57 128 205.229 165.229 40
57 128 205.229 165.229 40
54 109 205.313 150.313 55
67 113 205.489 165.489 40
47 112 205.527 145.527 60
47 112 205.527 145.527 60
58 128 205.643 165.643 40
56 128 205.643 165.643 40
62 128 205.643 165.643 40
62 128 205.643 165.643 40
50 123 205.698 160.698 45
61 128 206.057 166.057 40
55 128 206.057 166.057 40
63 128 206.057 166.057 40
48 117 206.063 151.063 55
68 117 206.082 161.082 45
68 121 206.082 161.082 45
50 124 206.113 161.113 45
67 125 206.471 166.471 40
54 128 206.471 166.471 40
64 128 206.471 166.471 40
67 112 206.653 166.653 40
67 112 206.653 166.653 40
67 112 206.653 166.653 40
62 111 206.704 161.704 45
62 111 206.704 161.704 45
63 111 207.118 162.118 45
51 108 207.295 147.295 60
51 108 207.295 147.295 60
59 110 207.461 157.461 50
59 110 207.461 157.461 50
51 126 207.471 167.471 40
51 126 207.471 167.471 40
56 109 207.633 152.633 55
56 109 207.633 152.633 55
51 127 207.886 167.886 40
52 128 207.886 167.886 40
68 122 207.996 162.996 45
48 118 208.081 153.081 55
51 128 208.3 168.3 40
48 119 208.34 153.34 55
47 114 208.356 148.356 60
53 108 208.39 148.39 60
68 115 208.411 163.411 45
68 123 208.411 163.411 45
49 122 208.668 158.668 50
57 109 208.788 153.788 55
48 120 209.34 154.34 55
69 119 209.534 159.534 50
69 119 209.534 159.534 50
69 119 209.534 159.534 50
54 108 209.545 149.545 60
47 115 209.709 149.709 60
49 123 209.832 159.832 50
47 116 209.959 149.959 60
69 118 210.168 160.168 50
69 120 210.168 160.168 50
68 124 210.325 165.325 45
58 109 210.461 155.461 55
64 111 210.471 165.471 45
68 125 210.739 165.739 45
65 111 210.886 165.886 45
68 114 211.075 166.075 45
57 129 211.229 166.229 45
57 129 211.229 166.229 45
57 129 211.229 166.229 45
47 117 211.477 151.477 60
49 124 211.582 161.582 50
56 129 211.643 166.643 45
62 129 211.643 166.643 45
62 129 211.643 166.643 45
62 129 211.643 166.643 45
55 108 211.727 151.727 60
68 112 211.903 166.903 45
46 113 211.942 146.942 65
46 113 211.942 146.942 65
46 113 211.942 146.942 65
49 125 211.996 161.996 50
55 129 212.057 167.057 45
54 129 212.471 167.471 45
64 129 212.471 167.471 45
64 129 212.471 167.471 45
47 118 212.477 152.477 60
69 116 212.496 162.496 50
69 116 212.496 162.496 50
69 122 212.496 162.496 50
67 111 212.653 167.653 45
67 111 212.653 167.653 45
62 110 212.704 162.704 50
62 110 212.704 162.704 50
62 110 212.704 162.704 50
53 129 212.886 167.886 45
68 111 213.068 168.068 45
50 126 213.096 168.096 45
63 110 213.118 163.118 50
52 107 213.179 148.179 65
52 107 213.179 148.179 65
50 127 213.355 168.355 45
59 109 213.461 158.461 55
64 110 213.532 163.532 50
56 108 213.633 153.633 60
60 109 213.875 158.875 55
57 108 214.047 154.047 60
50 129 214.184 169.184 45
50 129 214.184 169.184 45
50 129 214.184 169.184 45
69 123 214.411 164.411 50
69 115 214.411 164.411 50
47 119 214.495 154.495 60
47 120 214.754 154.754 60
46 115 214.77 149.77 65
70 119 214.784 159.784 55
70 119 214.784 159.784 55
70 119 214.784 159.784 55
54 107 214.804 149.804 65
54 107 214.804 149.804 65
69 124 214.825 164.825 50
48 123 215.082 160.082 55
48 123 215.082 160.082 55
58 108 215.202 155.202 60
70 118 215.418 160.418 55
70 120 215.418 160.418 55
47 121 215.754 155.754 60
55 107 215.959 150.959 65
46 116 216.124 151.124 65
48 124 216.246 161.246 55
70 117 216.582 161.582 55
70 121 216.582 161.582 55
69 125 216.739 166.739 50
59 108 216.875 156.875 60
65 110 216.886 166.886 50
57 130 217.229 167.229 50
57 130 217.229 167.229 50
57 130 217.229 167.229 50
66 110 217.3 167.3 50
69 113 217.489 167.489 50
69 113 217.489 167.489 50
56 130 217.643 167.643 50
62 130 217.643 167.643 50
62 130 217.643 167.643 50
62 130 217.643 167.643 50
53 93 217.728 122.728 95
53 93 217.728 122.728 95
56 83 217.742 107.742 110
55 70 217.747 92.7475 125
46 118 217.891 152.891 65
52 97 217.916 127.916 90
25 79 217.931 137.931 80
51 102 217.981 132.981 85
51 102 217.981 132.981 85
48 125 217.996 162.996 55
23 110 218.01 143.01 75
55 130 218.057 168.057 50
56 107 218.141 153.141 65
53 94 218.143 123.143 95
69 111 218.318 168.318 50
69 111 218.318 168.318 50
58 130 218.35 168.35 50
45 114 218.356 148.356 70
45 114 218.356 148.356 70
48 126 218.411 163.411 55
48 126 218.411 163.411 55
30 77 218.446 128.446 90
30 77 218.446 128.446 90
17 99 218.455 133.455 85
17 99 218.455 133.455 85
17 99 218.455 133.455 85
54 130 218.471 168.471 50
70 116 218.496 163.496 55
21 110 218.527 143.527 75
57 82 218.586 103.586 115
67 110 218.653 168.653 50
62 109 218.704 163.704 55
62 109 218.704 163.704 55
54 70 218.747 93.7475 125
61 130 218.764 168.764 50
34 76 218.789 123.789 95
34 76 218.789 123.789 95
19 106 218.82 143.82 75
19 106 218.82 143.82 75
19 106 218.82 143.82 75
56 86 218.829 108.829 110
19 91 218.86 143.86 75
19 91 218.86 143.86 75
19 91 218.86 143.86 75
53 130 218.886 168.886 50
46 119 218.891 153.891 65
70 115 218.911 163.911 55
70 123 218.911 163.911 55
70 123 218.911 163.911 55
57 69 218.919 88.919 130
17 98 218.964 133.964 85
64 130 218.971 168.971 50
53 106 219.063 149.063 70
53 106 219.063 149.063 70
53 106 219.063 149.063 70
68 110 219.068 169.068 50
22 80 219.088 144.088 75
63 109 219.118 164.118 55
51 103 219.146 134.146 85
33 76 219.203 124.203 95
49 128 219.239 169.239 50
52 130 219.3 169.3 50
50 130 219.434 169.434 50
50 130 219.434 169.434 50
44 73 219.475 109.475 110
64 109 219.532 164.532 55
18 95 219.535 139.535 80
17 100 219.671 134.671 85
53 70 219.747 94.7475 125
37 111 219.868 139.868 80
37 111 219.868 139.868 80
37 111 219.868 139.868 80
60 108 219.875 159.875 60
19 87 219.931 144.931 75
19 87 219.931 144.931 75
19 87 219.931 144.931 75
65 109 219.946 164.946 55
58 78 219.99 99.9901 120
58 78 219.99 99.9901 120
71 119 220.034 160.034 60
71 119 220.034 160.034 60
57 107 220.047 155.047 65
49 130 220.068 170.068 50
53 96 220.143 125.143 95
18 103 220.242 140.242 80
32 111 220.282 140.282 80
32 111 220.282 140.282 80
32 111 220.282 140.282 80
36 111 220.282 140.282 80
38 111 220.282 140.282 80
61 108 220.289 160.289 60
60 72 220.333 90.3333 130
60 72 220.333 90.3333 130
58 107 220.461 155.461 65
52 100 220.519 130.519 90
52 100 220.519 130.519 90
52 100 220.519 130.519 90
38 75 220.546 120.546 100
38 75 220.546 120.546 100
71 118 220.668 160.668 60
71 120 220.668 160.668 60
31 111 220.696 140.696 80
33 111 220.696 140.696 80
39 111 220.696 140.696 80
52 101 220.778 130.778 90
54 106 220.804 150.804 70
70 124 220.825 165.825 55
70 114 220.825 165.825 55
46 120 220.909 155.909 65
37 75 220.961 120.961 100
58 79 221.038 101.038 120
19 86 221.053 146.053 75
19 88 221.053 146.053 75
47 123 221.082 161.082 60
47 123 221.082 161.082 60
30 111 221.11 141.11 80
40 111 221.11 141.11 80
46 121 221.168 156.168 65
45 116 221.184 151.184 70
45 116 221.184 151.184 70
55 106 221.218 151.218 70
41 74 221.304 116.304 105
29 111 221.524 141.524 80
17 97 221.542 136.542 85
52 70 221.576 96.5759 125
19 82 221.588 146.588 75
19 82 221.588 146.588 75
19 82 221.588 146.588 75
58 80 221.672 101.672 120
40 74 221.718 116.718 105
55 69 221.747 91.7475 130
71 117 221.832 161.832 60
71 121 221.832 161.832 60
18 94 221.906 141.906 80
28 111 221.939 141.939 80
46 72 222.061 107.061 115
39 74 222.132 117.132 105
17 101 222.249 137.249 85
29 77 222.274 132.274 90
19 84 222.295 147.295 75
60 74 222.333 92.3333 130
60 74 222.333 92.3333 130
24 79 222.345 142.345 80
27 111 222.353 142.353 80
43 111 222.353 142.353 80
43 111 222.353 142.353 80
56 106 222.374 152.374 70
55 89 222.382 117.382 105
20 110 222.477 147.477 75
58 68 222.505 87.5048 135
58 68 222.505 87.5048 135
45 117 222.538 152.538 70
51 70 222.576 97.5759 125
55 90 222.641 117.641 105
55 90 222.641 117.641 105
56 87 222.657 112.657 110
47 125 222.661 162.661 60
47 125 222.661 162.661 60
28 77 222.689 132.689 90
19 81 222.709 147.709 75
19 81 222.709 147.709 75
26 111 222.767 142.767 80
49 71 222.819 102.819 120
58 81 222.836 102.836 120
42 73 222.89 112.89 110
59 77 222.99 97.9901 125
71 116 222.996 162.996 60
71 122 222.996 162.996 60
27 78 223.103 138.103 85
25 111 223.181 143.181 80
57 131 223.229 168.229 55
48 71 223.233 103.233 120
62 68 223.262 83.2622 140
60 107 223.289 158.289 65
66 109 223.3 168.3 55
53 97 223.385 128.385 95
17 102 223.465 138.465 85
70 113 223.489 168.489 55
57 68 223.505 88.5048 135
61 70 223.505 88.5048 135
52 102 223.606 133.606 90
32 76 223.618 128.618 95
55 91 223.641 118.641 105
55 91 223.641 118.641 105
56 131 223.643 168.643 55
62 131 223.643 168.643 55
62 131 223.643 168.643 55
27 77 223.689 133.689 90
67 109 223.714 168.714 55
54 93 223.728 123.728 100
54 93 223.728 123.728 100
57 83 223.742 108.742 115
53 98 223.8 128.8 95
70 112 223.903 168.903 55
61 71 223.919 88.919 135
25 78 223.931 138.931 85
16 99 223.955 133.955 90
16 99 223.955 133.955 90
19 110 223.977 148.977 75
19 110 223.977 148.977 75
58 82 224.001 104.001 120
55 131 224.057 169.057 55
54 69 224.162 94.1617 130
19 80 224.209 149.209 75
19 80 224.209 149.209 75
45 119 224.306 154.306 70
45 119 224.306 154.306 70
70 111 224.318 169.318 55
58 131 224.35 169.35 55
30 76 224.446 129.446 95
54 95 224.557 124.557 100
55 92 224.641 119.641 105
50 131 224.684 169.684 55
50 131 224.684 169.684 55
63 131 224.764 169.764 55
29 76 224.86 129.86 95
18 91 224.86 144.86 80
18 91 224.86 144.86 80
53 131 224.886 169.886 55
71 115 224.911 164.911 60
71 123 224.911 164.911 60
24 78 225.053 140.053 85
68 109 225.068 170.068 55
62 69 225.091 85.0906 140
63 108 225.118 165.118 60
22 111 225.131 145.131 80
22 111 225.131 145.131 80
53 69 225.162 95.1617 130
35 75 225.203 125.203 100
35 75 225.203 125.203 100
33 75 225.203 125.203 100
33 75 225.203 125.203 100
16 98 225.223 135.223 90
16 100 225.223 135.223 90
18 107 225.235 145.235 80
18 107 225.235 145.235 80
18 107 225.235 145.235 80
57 87 225.243 110.243 115
57 87 225.243 110.243 115
72 119 225.284 160.284 65
72 119 225.284 160.284 65
72 119 225.284 160.284 65
49 131 225.318 170.318 55
56 68 225.333 90.3333 135
16 97 225.378 135.378 90
44 72 225.475 110.475 115
69 109 225.482 170.482 55
32 75 225.618 125.618 100
20 111 225.649 145.649 80
20 111 225.649 145.649 80
48 129 225.653 170.653 55
37 112 225.868 140.868 85
37 112 225.868 140.868 85
37 112 225.868 140.868 85
59 79 225.874 100.874 125
72 118 225.918 160.918 65
65 108 225.946 165.946 60
18 90 225.981 145.981 80
59 67 226.091 86.0906 140
53 100 226.144 131.144 95
53 100 226.144 131.144 95
52 69 226.162 96.1617 130
21 79 226.209 146.209 80
32 112 226.282 141.282 85
32 112 226.282 141.282 85
36 112 226.282 141.282 85
38 112 226.282 141.282 85
66 108 226.36 166.36 60
53 101 226.403 131.403 95
18 87 226.431 146.431 80
18 87 226.431 146.431 80
58 106 226.461 156.461 70
48 131 226.482 171.482 55
54 97 226.557 126.557 100
54 97 226.557 126.557 100
17 94 226.656 141.656 85
17 94 226.656 141.656 85
53 102 226.662 131.662 95
31 112 226.696 141.696 85
33 112 226.696 141.696 85
62 107 226.704 161.704 65
61 73 226.747 91.7475 135
16 101 226.792 136.792 90
62 66 226.848 81.848 145
63 67 226.848 81.848 145
59 106 226.875 156.875 70
72 121 227.082 162.082 65
72 121 227.082 162.082 65
72 117 227.082 162.082 65
30 112 227.11 142.11 85
40 112 227.11 142.11 85
44 116 227.184 152.184 75
55 105 227.218 152.218 75
55 105 227.218 152.218 75
71 113 227.239 167.239 60
45 121 227.323 157.323 70
36 74 227.375 122.375 105
46 124 227.496 162.496 65
41 112 227.524 142.524 85
45 122 227.582 157.582 70
18 82 227.588 147.588 80
18 82 227.588 147.588 80
18 82 227.588 147.588 80
44 117 227.599 152.599 75
56 105 227.633 152.633 75
40 73 227.718 117.718 110
55 68 227.747 92.7475 135
46 71 228.061 108.061 120
17 104 228.07 143.07 85
59 81 228.086 103.086 125
39 73 228.132 118.132 110
18 85 228.174 148.174 80
72 116 228.246 163.246 65
72 122 228.246 163.246 65
67 128 228.3 168.3 60
67 128 228.3 168.3 60
67 128 228.3 168.3 60
67 128 228.3 168.3 60
68 129 224.714 169.714 55
68 129 224.714 169.714 55
68 129 224.714 169.714 55
68 129 224.714 169.714 55
69 130 221.835 171.835 50
69 130 221.835 171.835 50
69 130 221.835 171.835 50
70 131 219.664 174.664 45
70 131 219.664 174.664 45
70 131 219.664 174.664 45
70 131 219.664 174.664 45
71 132 216.785 176.785 40
71 132 216.785 176.785 40
71 132 216.785 176.785 40
71 132 216.785 176.785 40
72 132 218.285 178.285 40
72 132 218.285 178.285 40
72 132 218.285 178.285 40
73 133 216.113 181.113 35
73 133 216.113 181.113 35
73 133 216.113 181.113 35
73 133 216.113 181.113 35
73 134 213.113 183.113 30
73 134 213.113 183.113 30
74 134 213.942 183.942 30
74 134 213.942 183.942 30
74 134 213.942 183.942 30
75 135 211.77 186.77 25
75 135 211.77 186.77 25
75 135 211.77 186.77 25
75 135 211.77 186.77 25
75 136 208.27 188.27 20
75 136 208.27 188.27 20
75 136 208.27 188.27 20
76 137 205.392 190.392 15
76 137 205.392 190.392 15
76 137 205.392 190.392 15
76 137 205.392 190.392 15
76 137 205.392 190.392 15
77 138 202.513 192.513 10
77 138 202.513 192.513 10
77 138 202.513 192.513 10
77 138 202.513 192.513 10
77 138 202.513 192.513 10
78 139 199.634 194.634 5
78 139 199.634 194.634 5
78 139 199.634 194.634 5
78 139 199.634 194.634 5
79 140 196.756 196.756 0
79 140 196.756 196.756 0
79 140 196.756 196.756 0
79 140 196.756 196.756 0
78 140 201.634 196.634 5
80 140 202.756 197.756 5
80 140 202.756 197.756 5
79 141 203.256 198.256 5
79 141 203.256 198.256 5
79 141 203.256 198.256 5
78 138 203.513 193.513 10
80 141 203.877 198.877 5
77 139 204.013 194.013 10
77 137 207.392 192.392 15
76 138 207.392 192.392 15
77 140 207.463 197.463 10
81 140 209.256 199.256 10
81 140 209.256 199.256 10
77 141 209.463 199.463 10
77 141 209.463 199.463 10
76 139 209.634 194.634 15
79 142 209.756 199.756 10
79 142 209.756 199.756 10
79 142 209.756 199.756 10
81 141 209.877 199.877 10
79 137 210.634 195.634 15
79 137 210.634 195.634 15
77 142 210.963 200.963 10
77 142 210.963 200.963 10
81 142 210.998 200.998 10
76 140 211.134 196.134 15
80 137 212.634 197.634 15
80 137 212.634 197.634 15
77 136 213.22 193.22 20
77 136 213.22 193.22 20
75 138 213.22 193.22 20
76 135 213.77 188.77 25
81 137 214.134 199.134 15
81 137 214.134 199.134 15
74 136 214.599 189.599 25
73 135 214.613 184.613 30
74 137 214.685 189.685 25
78 136 215.22 195.22 20
76 141 215.291 200.291 15
82 140 215.756 200.756 15
82 140 215.756 200.756 15
82 140 215.756 200.756 15
79 143 215.756 200.756 15
79 143 215.756 200.756 15
82 138 216.256 201.256 15
82 138 216.256 201.256 15
76 142 216.584 201.584 15
75 140 216.756 196.756 20
78 143 216.877 201.877 15
80 143 216.877 201.877 15
76 143 217.377 202.377 15
76 143 217.377 202.377 15
74 133 217.613 182.613 35
82 142 217.705 202.705 15
82 142 217.705 202.705 15
82 143 218.12 203.12 15
72 134 218.235 183.235 35
72 134 218.235 183.235 35
80 136 218.463 198.463 20
80 136 218.463 198.463 20
76 134 218.892 188.892 30
77 135 220.22 195.22 25
72 135 220.235 185.235 35
74 139 220.341 195.341 25
74 139 220.341 195.341 25
78 135 221.049 196.049 25
73 138 221.099 191.099 30
73 138 221.099 191.099 30
71 131 221.164 176.164 45
82 136 221.256 201.256 20
82 136 221.256 201.256 20
77 134 221.599 191.599 30
72 136 221.735 186.735 35
75 133 221.77 186.77 35
83 141 222.17 202.17 20
83 141 222.17 202.17 20
83 141 222.17 202.17 20
83 139 222.17 202.17 20
83 139 222.17 202.17 20
78 144 222.17 202.17 20
79 144 222.256 202.256 20
75 143 222.998 202.998 20
74 141 223.17 198.17 25
74 141 223.17 198.17 25
70 133 223.199 178.199 45
83 138 223.256 203.256 20
83 136 223.256 203.256 20
83 136 223.256 203.256 20
75 144 223.791 203.791 20
75 144 223.791 203.791 20
75 144 223.791 203.791 20
70 130 223.835 173.835 50
72 131 223.906 178.906 45
81 144 223.998 203.998 20
81 144 223.998 203.998 20
83 142 224.205 204.205 20
71 134 224.235 184.235 40
71 135 224.649 184.649 40
75 132 224.735 184.735 40
83 143 224.827 204.827 20
83 144 225.241 205.241 20
83 144 225.241 205.241 20
77 133 225.306 190.306 35
73 131 225.406 180.406 45
80 135 225.463 200.463 25
69 129 225.714 170.714 55
68 130 225.714 170.714 55
81 135 226.291 201.291 25
71 136 226.649 186.649 40
71 130 226.785 176.785 50
69 132 226.785 176.785 50
69 132 226.785 176.785 50
73 139 226.841 196.841 30
72 138 227.099 192.099 35
78 134 227.341 197.341 30
73 140 227.463 197.463 30
78 145 228.17 203.17 25
78 145 228.17 203.17 25
72 130 228.285 178.285 50
61 74 228.333 93.3333 135
27 112 228.353 143.353 85
43 112 228.353 143.353 85
83 135 228.377 203.377 25
58 67 228.505 88.5048 140
38 73 228.546 118.546 110
46 125 228.661 163.661 65
16 96 228.663 138.663 90
84 141 228.67 203.67 25
84 141 228.67 203.67 25
84 139 228.67 203.67 25
84 139 228.67 203.67 25
61 66 228.676 83.6764 145
63 68 228.676 83.6764 145
28 76 228.689 133.689 95
18 81 228.709 148.709 80
61 75 228.747 93.7475 135
61 75 228.747 93.7475 135
26 112 228.767 143.767 85
57 105 228.788 153.788 75
56 90 228.796 118.796 110
56 90 228.796 118.796 110
56 90 228.796 118.796 110
79 134 228.877 198.877 30
57 67 228.919 88.919 140
44 118 228.952 153.952 75
50 69 228.99 98.9901 130
50 69 228.99 98.9901 130
56 91 229.055 119.055 110
57 88 229.072 114.072 115
46 126 229.075 164.075 65
27 76 229.103 134.103 95
73 141 229.17 199.17 30
48 70 229.233 104.233 125
48 70 229.233 104.233 125
59 82 229.251 104.251 125
84 142 229.291 204.291 25
84 138 229.291 204.291 25
68 128 229.3 169.3 60
41 72 229.304 114.304 115
41 72 229.304 114.304 115
41 72 229.304 114.304 115
60 78 229.404 99.4043 130
60 78 229.404 99.4043 130
60 78 229.404 99.4043 130
72 123 229.411 164.411 65
78 133 229.427 194.427 35
15 99 229.455 134.455 95
15 99 229.455 134.455 95
15 99 229.455 134.455 95
26 77 229.517 139.517 90
73 142 229.584 199.584 30
73 142 229.584 199.584 30
24 112 229.595 144.595 85
76 132 229.599 189.599 40
56 132 229.643 169.643 60
56 132 229.643 169.643 60
56 132 229.643 169.643 60
62 132 229.643 169.643 60
62 132 229.643 169.643 60
62 132 229.643 169.643 60
47 70 229.647 104.647 125
63 69 229.676 84.6764 145
61 106 229.704 159.704 70
61 106 229.704 159.704 70
67 108 229.714 169.714 60
55 93 229.728 124.728 105
17 93 229.735 144.735 85
61 76 229.747 94.7475 135
84 136 229.756 204.756 25
84 136 229.756 204.756 25
71 112 229.903 169.903 60
56 67 229.919 89.919 140
62 71 229.919 89.919 140
50 132 229.934 169.934 60
50 132 229.934 169.934 60
50 132 229.934 169.934 60
18 110 229.977 149.977 80
18 110 229.977 149.977 80
49 69 229.99 99.9901 130
81 145 229.998 204.998 25
81 145 229.998 204.998 25
81 145 229.998 204.998 25
15 100 230.016 135.016 95
31 75 230.032 130.032 100
56 92 230.055 120.055 110
55 132 230.057 170.057 60
61 132 230.057 170.057 60
16 102 230.078 140.078 90
26 76 230.103 135.103 95
74 144 230.12 205.12 25
68 108 230.128 170.128 60
55 94 230.143 125.143 105
58 84 230.156 110.156 120
58 84 230.156 110.156 120
74 145 230.205 205.205 25
74 145 230.205 205.205 25
74 145 230.205 205.205 25
76 145 230.205 205.205 25
54 99 230.214 130.214 100
44 119 230.306 155.306 75
71 111 230.318 170.318 60
69 134 230.321 180.321 50
69 134 230.321 180.321 50
69 134 230.321 180.321 50
62 72 230.333 90.3333 140
82 145 230.412 205.412 25
59 83 230.415 105.415 125
64 66 230.434 80.4338 150
54 132 230.471 170.471 60
73 119 230.534 160.534 70
73 119 230.534 160.534 70
18 80 230.538 150.538 80
49 132 230.568 170.568 60
53 68 230.576 95.5759 135
73 143 230.584 200.584 30
70 135 230.649 185.649 45
19 79 230.709 150.709 80
44 120 230.72 155.72 75
29 75 230.86 130.86 100
29 75 230.86 130.86 100
71 129 230.957 175.957 55
55 96 230.971 125.971 105
55 96 230.971 125.971 105
73 130 231.028 181.028 50
24 77 231.053 141.053 90
24 77 231.053 141.053 90
56 93 231.055 121.055 110
70 136 231.063 186.063 45
84 135 231.084 206.084 25
18 111 231.099 151.099 80
60 79 231.124 101.124 130
73 118 231.168 161.168 70
33 74 231.203 126.203 105
33 74 231.203 126.203 105
58 87 231.243 111.243 120
28 75 231.274 131.274 100
16 103 231.294 141.294 90
52 132 231.3 171.3 60
72 114 231.325 166.325 65
84 143 231.327 206.327 25
17 91 231.36 146.36 85
69 108 231.482 171.482 60
63 70 231.505 86.5048 145
64 107 231.532 166.532 65
64 107 231.532 166.532 65
32 74 231.618 126.618 105
17 108 231.649 146.649 85
17 108 231.649 146.649 85
17 108 231.649 146.649 85
47 129 231.653 171.653 60
47 129 231.653 171.653 60
58 88 231.657 111.657 120
48 132 231.732 171.732 60
17 107 231.735 146.735 85
83 145 231.741 206.741 25
55 67 231.747 91.7475 140
74 130 231.821 181.821 50
69 135 231.821 181.821 50
67 130 231.835 171.835 60
37 113 231.868 141.868 90
37 113 231.868 141.868 90
43 71 231.89 111.89 120
43 71 231.89 111.89 120
43 71 231.89 111.89 120
70 108 231.896 171.896 60
84 144 231.948 206.948 25
17 90 231.981 146.981 85
31 74 232.032 127.032 105
70 128 232.128 172.128 60
54 100 232.144 132.144 100
23 77 232.174 142.174 90
59 132 232.178 172.178 60
59 132 232.178 172.178 60
21 112 232.252 147.252 85
62 65 232.262 82.2622 150
32 113 232.282 142.282 90
32 113 232.282 142.282 90
38 113 232.282 142.282 90
73 117 232.332 162.332 70
66 107 232.36 167.36 65
