83 3 35.5009 0 35.5009
83 3 35.5009 0 35.5009
83 3 35.5009 0 35.5009
83 3 35.5009 0 35.5009
83 3 35.5009 0 35.5009
84 4 142.414 1.41421 141
84 4 142.414 1.41421 141
84 4 142.414 1.41421 141
84 4 142.414 1.41421 141
84 5 142.414 2.41421 140
84 5 142.414 2.41421 140
84 3 143 1 142
83 6 143.243 3.82843 139.414
83 6 143.243 3.82843 139.414
83 6 143.243 3.82843 139.414
83 6 143.243 3.82843 139.414
83 6 143.243 3.82843 139.414
84 7 143.243 5.24264 138
84 7 143.243 5.24264 138
84 7 143.243 5.24264 138
84 7 143.243 5.24264 138
84 8 143.243 6.24264 137
84 8 143.243 6.24264 137
84 9 143.243 7.24264 136
83 7 143.243 4.82843 138.414
85 6 143.243 3.82843 139.414
85 6 143.243 3.82843 139.414
82 4 143.243 1.41421 141.828
82 4 143.243 1.41421 141.828
82 4 143.243 1.41421 141.828
86 7 144.071 5.24264 138.828
86 7 144.071 5.24264 138.828
86 7 144.071 5.24264 138.828
86 7 144.071 5.24264 138.828
86 8 144.071 6.24264 137.828
86 8 144.071 6.24264 137.828
86 9 144.071 7.24264 136.828
86 9 144.071 7.24264 136.828
86 10 144.071 8.24264 135.828
86 10 144.071 8.24264 135.828
86 10 144.071 8.24264 135.828
85 11 144.071 9.65685 134.414
85 11 144.071 9.65685 134.414
85 11 144.071 9.65685 134.414
85 11 144.071 9.65685 134.414
84 12 144.071 11.0711 133
84 12 144.071 11.0711 133
84 12 144.071 11.0711 133
85 12 144.071 10.6569 133.414
86 11 144.071 9.24264 134.828
82 8 144.071 6.24264 137.828
82 8 144.071 6.24264 137.828
82 8 144.071 6.24264 137.828
82 8 144.071 6.24264 137.828
82 9 144.071 7.24264 136.828
82 9 144.071 7.24264 136.828
82 10 144.071 8.24264 135.828
82 10 144.071 8.24264 135.828
82 11 144.071 9.24264 134.828
82 11 144.071 9.24264 134.828
82 12 144.071 10.2426 133.828
82 12 144.071 10.2426 133.828
82 13 144.071 11.2426 132.828
82 13 144.071 11.2426 132.828
82 13 144.071 11.2426 132.828
83 14 144.071 12.6569 131.414
83 14 144.071 12.6569 131.414
83 14 144.071 12.6569 131.414
84 15 144.071 14.0711 130
84 15 144.071 14.0711 130
84 15 144.071 14.0711 130
84 15 144.071 14.0711 130
84 16 144.071 15.0711 129
84 16 144.071 15.0711 129
84 16 144.071 15.0711 129
84 17 144.071 16.0711 128
84 17 144.071 16.0711 128
84 18 144.071 17.0711 127
84 18 144.071 17.0711 127
84 18 144.071 17.0711 127
84 19 144.071 18.0711 126
84 19 144.071 18.0711 126
84 19 144.071 18.0711 126
84 20 144.071 19.0711 125
84 20 144.071 19.0711 125
84 20 144.071 19.0711 125
84 21 144.071 20.0711 124
84 21 144.071 20.0711 124
84 21 144.071 20.0711 124
84 22 144.071 21.0711 123
82 7 144.071 5.24264 138.828
81 5 144.071 2.82843 141.243
81 5 144.071 2.82843 141.243
81 5 144.071 2.82843 141.243
84 2 144.414 1.41421 143
84 2 144.414 1.41421 143
84 2 144.414 1.41421 143
86 6 144.657 4.82843 139.828
81 4 144.657 2.41421 142.243
83 23 144.899 22.4853 122.414
83 23 144.899 22.4853 122.414
83 23 144.899 22.4853 122.414
83 22 144.899 21.4853 123.414
85 21 144.899 20.4853 124.414
85 21 144.899 20.4853 124.414
85 21 144.899 20.4853 124.414
83 21 144.899 20.4853 124.414
85 20 144.899 19.4853 125.414
83 20 144.899 19.4853 125.414
83 19 144.899 18.4853 126.414
82 15 144.899 14.0711 130.828
82 15 144.899 14.0711 130.828
82 16 144.899 15.0711 129.828
82 16 144.899 15.0711 129.828
82 17 144.899 16.0711 128.828
81 14 144.899 12.6569 132.243
81 14 144.899 12.6569 132.243
81 13 144.899 11.6569 133.243
81 12 144.899 10.6569 134.243
81 11 144.899 9.65685 135.243
81 10 144.899 8.65685 136.243
87 12 144.899 10.6569 134.243
87 12 144.899 10.6569 134.243
87 12 144.899 10.6569 134.243
87 13 144.899 11.6569 133.243
87 13 144.899 11.6569 133.243
87 14 144.899 12.6569 132.243
87 14 144.899 12.6569 132.243
87 15 144.899 13.6569 131.243
87 15 144.899 13.6569 131.243
87 15 144.899 13.6569 131.243
86 16 144.899 15.0711 129.828
86 16 144.899 15.0711 129.828
87 16 144.899 14.6569 130.243
87 11 144.899 9.65685 135.243
87 10 144.899 8.65685 136.243
87 9 144.899 7.65685 137.243
80 6 144.899 4.24264 140.657
80 6 144.899 4.24264 140.657
80 6 144.899 4.24264 140.657
80 7 144.899 5.24264 139.657
85 3 145.243 2.82843 142.414
85 3 145.243 2.82843 142.414
82 2 145.243 1.41421 143.828
82 2 145.243 1.41421 143.828
83 24 145.399 23.9853 121.414
83 24 145.399 23.9853 121.414
83 24 145.399 23.9853 121.414
80 5 145.485 3.82843 141.657
87 7 145.485 6.24264 139.243
85 22 145.607 22.1924 123.414
79 8 145.728 6.65685 139.071
79 8 145.728 6.65685 139.071
79 8 145.728 6.65685 139.071
79 9 145.728 7.65685 138.071
79 9 145.728 7.65685 138.071
79 10 145.728 8.65685 137.071
79 10 145.728 8.65685 137.071
79 11 145.728 9.65685 136.071
79 12 145.728 10.6569 135.071
79 12 145.728 10.6569 135.071
79 13 145.728 11.6569 134.071
79 14 145.728 12.6569 133.071
79 14 145.728 12.6569 133.071
79 15 145.728 13.6569 132.071
79 16 145.728 14.6569 131.071
79 16 145.728 14.6569 131.071
79 16 145.728 14.6569 131.071
80 17 145.728 16.0711 129.657
80 17 145.728 16.0711 129.657
80 18 145.728 17.0711 128.657
80 18 145.728 17.0711 128.657
80 18 145.728 17.0711 128.657
80 19 145.728 18.0711 127.657
80 19 145.728 18.0711 127.657
80 20 145.728 19.0711 126.657
80 20 145.728 19.0711 126.657
80 20 145.728 19.0711 126.657
80 21 145.728 20.0711 125.657
80 21 145.728 20.0711 125.657
80 22 145.728 21.0711 124.657
80 22 145.728 21.0711 124.657
79 17 145.728 15.6569 130.071
88 17 145.728 16.0711 129.657
88 17 145.728 16.0711 129.657
88 17 145.728 16.0711 129.657
88 16 145.728 15.0711 130.657
88 14 145.728 13.0711 132.657
88 13 145.728 12.0711 133.657
79 7 145.728 5.65685 140.071
83 25 145.899 25.4853 120.414
83 25 145.899 25.4853 120.414
83 25 145.899 25.4853 120.414
83 26 145.899 26.4853 119.414
83 26 145.899 26.4853 119.414
83 26 145.899 26.4853 119.414
84 27 145.899 27.8995 118
84 27 145.899 27.8995 118
84 27 145.899 27.8995 118
84 27 145.899 27.8995 118
84 27 145.899 27.8995 118
84 28 145.899 28.8995 117
81 3 146.071 2.82843 143.243
84 25 146.107 26.1066 120
84 25 146.107 26.1066 120
80 23 146.228 22.5711 123.657
80 23 146.228 22.5711 123.657
86 21 146.314 21.4853 124.828
86 21 146.314 21.4853 124.828
86 21 146.314 21.4853 124.828
79 6 146.314 5.24264 141.071
84 1 146.414 2.41421 144
84 1 146.414 2.41421 144
84 1 146.414 2.41421 144
82 24 146.435 24.6066 121.828
86 22 146.435 22.6066 123.828
89 18 146.556 17.4853 129.071
89 18 146.556 17.4853 129.071
89 18 146.556 17.4853 129.071
88 19 146.556 18.8995 127.657
88 19 146.556 18.8995 127.657
79 23 146.556 22.4853 124.071
79 23 146.556 22.4853 124.071
79 23 146.556 22.4853 124.071
79 21 146.556 20.4853 126.071
79 21 146.556 20.4853 126.071
79 20 146.556 19.4853 127.071
78 18 146.556 17.0711 129.485
78 18 146.556 17.0711 129.485
78 18 146.556 17.0711 129.485
78 17 146.556 16.0711 130.485
78 15 146.556 14.0711 132.485
78 15 146.556 14.0711 132.485
78 13 146.556 12.0711 134.485
78 11 146.556 10.0711 136.485
78 11 146.556 10.0711 136.485
78 10 146.556 9.07107 137.485
78 9 146.556 8.07107 138.485
86 3 146.657 3.82843 142.828
86 3 146.657 3.82843 142.828
86 3 146.657 3.82843 142.828
81 2 146.657 2.41421 144.243
85 29 146.728 30.3137 116.414
85 29 146.728 30.3137 116.414
85 29 146.728 30.3137 116.414
85 29 146.728 30.3137 116.414
84 30 146.728 31.7279 115
84 30 146.728 31.7279 115
84 30 146.728 31.7279 115
84 30 146.728 31.7279 115
84 31 146.728 32.7279 114
84 31 146.728 32.7279 114
83 28 146.728 29.3137 117.414
85 28 146.728 29.3137 117.414
87 6 146.899 6.65685 140.243
80 4 146.899 4.24264 142.657
82 25 146.935 26.1066 120.828
81 24 146.935 24.6924 122.243
86 23 147.142 24.3137 122.828
86 23 147.142 24.3137 122.828
85 30 147.228 31.8137 115.414
85 1 147.243 2.82843 144.414
83 1 147.243 2.82843 144.414
78 24 147.385 23.8995 123.485
78 24 147.385 23.8995 123.485
78 24 147.385 23.8995 123.485
78 24 147.385 23.8995 123.485
89 20 147.385 20.3137 127.071
89 20 147.385 20.3137 127.071
89 20 147.385 20.3137 127.071
89 20 147.385 20.3137 127.071
88 21 147.385 21.7279 125.657
88 21 147.385 21.7279 125.657
89 21 147.385 21.3137 126.071
90 19 147.385 18.8995 128.485
77 19 147.385 18.4853 128.899
77 19 147.385 18.4853 128.899
77 19 147.385 18.4853 128.899
77 19 147.385 18.4853 128.899
77 20 147.385 19.4853 127.899
77 20 147.385 19.4853 127.899
77 21 147.385 20.4853 126.899
82 27 147.435 28.6066 118.828
82 27 147.435 28.6066 118.828
87 5 147.485 6.24264 141.243
83 32 147.556 34.1421 113.414
83 32 147.556 34.1421 113.414
83 32 147.556 34.1421 113.414
83 32 147.556 34.1421 113.414
85 32 147.556 34.1421 113.414
85 32 147.556 34.1421 113.414
85 32 147.556 34.1421 113.414
86 30 147.556 31.7279 115.828
86 30 147.556 31.7279 115.828
86 30 147.556 31.7279 115.828
86 24 147.642 25.8137 121.828
88 9 147.728 10.0711 137.657
88 9 147.728 10.0711 137.657
88 9 147.728 10.0711 137.657
88 10 147.728 11.0711 136.657
88 8 147.728 9.07107 138.657
81 26 147.763 27.5208 120.243
81 26 147.763 27.5208 120.243
80 25 147.763 26.1066 121.657
85 27 147.814 29.3995 118.414
78 25 147.885 25.3995 122.485
77 13 147.971 13.0711 134.899
77 13 147.971 13.0711 134.899
77 13 147.971 13.0711 134.899
77 15 147.971 15.0711 132.899
77 15 147.971 15.0711 132.899
77 11 147.971 11.0711 136.899
77 11 147.971 11.0711 136.899
90 18 147.971 18.4853 129.485
83 33 148.056 35.6421 112.414
83 33 148.056 35.6421 112.414
83 33 148.056 35.6421 112.414
85 33 148.056 35.6421 112.414
85 33 148.056 35.6421 112.414
86 2 148.071 4.24264 143.828
81 1 148.071 2.82843 145.243
76 22 148.213 21.8995 126.314
76 22 148.213 21.8995 126.314
76 22 148.213 21.8995 126.314
76 23 148.213 22.8995 125.314
76 23 148.213 22.8995 125.314
76 21 148.213 20.8995 127.314
90 22 148.213 22.7279 125.485
90 22 148.213 22.7279 125.485
90 22 148.213 22.7279 125.485
90 22 148.213 22.7279 125.485
90 23 148.213 23.7279 124.485
90 23 148.213 23.7279 124.485
82 29 148.263 31.435 116.828
88 6 148.314 7.65685 140.657
79 4 148.314 5.24264 143.071
79 4 148.314 5.24264 143.071
82 33 148.385 35.5563 112.828
82 33 148.385 35.5563 112.828
82 33 148.385 35.5563 112.828
78 26 148.385 26.8995 121.485
78 26 148.385 26.8995 121.485
78 27 148.385 27.8995 120.485
89 11 148.556 12.4853 136.071
89 11 148.556 12.4853 136.071
89 11 148.556 12.4853 136.071
89 10 148.556 11.4853 137.071
89 12 148.556 13.4853 135.071
89 13 148.556 14.4853 134.071
78 6 148.556 7.07107 141.485
78 6 148.556 7.07107 141.485
80 27 148.592 28.935 119.657
86 25 148.642 27.8137 120.828
87 24 148.678 26.435 122.243
90 24 148.713 25.2279 123.485
76 24 148.713 24.3995 124.314
76 24 148.713 24.3995 124.314
84 34 148.763 37.7635 111
84 34 148.763 37.7635 111
84 34 148.763 37.7635 111
84 35 148.763 38.7635 110
84 35 148.763 38.7635 110
84 35 148.763 38.7635 110
84 36 148.763 39.7635 109
84 36 148.763 39.7635 109
84 36 148.763 39.7635 109
91 19 148.799 19.8995 128.899
91 19 148.799 19.8995 128.899
91 19 148.799 19.8995 128.899
76 19 148.799 19.4853 129.314
76 14 148.799 14.4853 134.314
76 14 148.799 14.4853 134.314
80 2 148.899 4.24264 144.657
82 32 148.971 35.1421 113.828
86 32 148.971 35.1421 113.828
81 28 148.971 30.7279 118.243
87 30 148.971 32.7279 116.243
83 34 149.056 37.6421 111.414
85 34 149.056 37.6421 111.414
86 33 149.092 36.2635 112.828
80 28 149.092 30.435 118.657
79 28 149.092 30.0208 119.071
87 31 149.092 33.8492 115.243
89 9 149.142 11.0711 138.071
78 5 149.142 6.65685 142.485
84 37 149.263 41.2635 108
84 37 149.263 41.2635 108
84 37 149.263 41.2635 108
90 14 149.385 15.8995 133.485
90 14 149.385 15.8995 133.485
76 13 149.385 14.0711 135.314
76 11 149.385 12.0711 137.314
76 11 149.385 12.0711 137.314
77 9 149.385 10.4853 138.899
77 9 149.385 10.4853 138.899
80 1 149.485 3.82843 145.657
87 2 149.485 5.24264 144.243
83 37 149.592 41.1777 108.414
83 37 149.592 41.1777 108.414
85 36 149.592 40.1777 109.414
86 34 149.592 37.7635 111.828
75 22 149.627 22.8995 126.728
75 22 149.627 22.8995 126.728
75 22 149.627 22.8995 126.728
92 20 149.627 21.3137 128.314
92 20 149.627 21.3137 128.314
88 5 149.728 8.07107 141.657
79 3 149.728 5.65685 144.071
78 4 149.728 6.24264 143.485
75 24 149.749 25.0208 124.728
75 24 149.749 25.0208 124.728
91 23 149.749 24.8492 124.899
91 23 149.749 24.8492 124.899
81 34 149.92 37.6777 112.243
81 34 149.92 37.6777 112.243
81 34 149.92 37.6777 112.243
81 34 149.92 37.6777 112.243
77 6 149.971 8.07107 141.899
77 6 149.971 8.07107 141.899
86 0 150.071 4.24264 145.828
87 26 150.178 29.935 120.243
87 26 150.178 29.935 120.243
87 26 150.178 29.935 120.243
91 15 150.213 17.3137 132.899
91 15 150.213 17.3137 132.899
92 19 150.213 20.8995 129.314
75 14 150.213 15.4853 134.728
75 14 150.213 15.4853 134.728
75 14 150.213 15.4853 134.728
75 25 150.249 26.5208 123.728
86 28 150.263 32.435 117.828
84 38 150.263 43.2635 107
84 38 150.263 43.2635 107
84 38 150.263 43.2635 107
85 37 150.299 41.8848 108.414
81 33 150.299 37.0563 113.243
88 4 150.314 7.65685 142.657
87 32 150.385 36.1421 114.243
88 30 150.385 33.7279 116.657
88 30 150.385 33.7279 116.657
88 30 150.385 33.7279 116.657
87 35 150.42 39.1777 111.243
87 35 150.42 39.1777 111.243
87 35 150.42 39.1777 111.243
87 35 150.42 39.1777 111.243
82 38 150.42 42.5919 107.828
82 38 150.42 42.5919 107.828
82 38 150.42 42.5919 107.828
81 35 150.42 39.1777 111.243
81 35 150.42 39.1777 111.243
81 36 150.42 40.1777 110.243
93 21 150.456 22.7279 127.728
93 21 150.456 22.7279 127.728
93 21 150.456 22.7279 127.728
93 21 150.456 22.7279 127.728
93 22 150.456 23.7279 126.728
93 22 150.456 23.7279 126.728
93 23 150.456 24.7279 125.728
93 23 150.456 24.7279 125.728
93 24 150.456 25.7279 124.728
93 24 150.456 25.7279 124.728
93 24 150.456 25.7279 124.728
92 25 150.456 27.1421 123.314
92 25 150.456 27.1421 123.314
92 25 150.456 27.1421 123.314
91 26 150.456 28.5563 121.899
91 26 150.456 28.5563 121.899
91 26 150.456 28.5563 121.899
92 26 150.456 28.1421 122.314
81 30 150.506 34.2635 116.243
80 29 150.506 32.8492 117.657
89 7 150.556 10.4853 140.071
88 32 150.627 35.9706 114.657
88 32 150.627 35.9706 114.657
79 29 150.627 32.5563 118.071
87 27 150.678 31.435 119.243
84 39 150.763 44.7635 106
84 39 150.763 44.7635 106
84 39 150.763 44.7635 106
84 40 150.763 45.7635 105
84 40 150.763 45.7635 105
84 41 150.763 46.7635 104
84 41 150.763 46.7635 104
91 14 150.799 16.8995 133.899
85 38 150.799 43.3848 107.414
75 11 150.799 13.0711 137.728
75 11 150.799 13.0711 137.728
75 11 150.799 13.0711 137.728
76 10 150.799 12.4853 138.314
87 1 150.899 5.65685 145.243
87 36 150.92 40.6777 110.243
93 25 150.956 27.2279 123.728
88 27 151.006 31.3492 119.657
88 27 151.006 31.3492 119.657
88 27 151.006 31.3492 119.657
93 20 151.042 22.3137 128.728
75 20 151.042 22.3137 128.728
75 20 151.042 22.3137 128.728
74 15 151.042 16.8995 134.142
74 15 151.042 16.8995 134.142
74 16 151.042 17.8995 133.142
74 16 151.042 17.8995 133.142
74 17 151.042 18.8995 132.142
74 17 151.042 18.8995 132.142
74 18 151.042 19.8995 131.142
92 16 151.042 18.7279 132.314
92 16 151.042 18.7279 132.314
92 16 151.042 18.7279 132.314
89 5 151.142 9.07107 142.071
89 5 151.142 9.07107 142.071
78 3 151.142 6.65685 144.485
90 27 151.163 30.6777 120.485
90 27 151.163 30.6777 120.485
74 23 151.163 25.0208 126.142
74 23 151.163 25.0208 126.142
74 23 151.163 25.0208 126.142
89 31 151.213 35.1421 116.071
89 31 151.213 35.1421 116.071
89 31 151.213 35.1421 116.071
81 39 151.249 44.0061 107.243
81 39 151.249 44.0061 107.243
81 39 151.249 44.0061 107.243
81 39 151.249 44.0061 107.243
94 25 151.284 27.1421 124.142
94 25 151.284 27.1421 124.142
94 25 151.284 27.1421 124.142
74 25 151.284 27.1421 124.142
78 29 151.335 32.8492 118.485
78 29 151.335 32.8492 118.485
76 6 151.385 9.07107 142.314
76 6 151.385 9.07107 142.314
76 6 151.385 9.07107 142.314
90 9 151.385 12.8995 138.485
90 9 151.385 12.8995 138.485
77 5 151.385 8.48528 142.899
74 22 151.542 24.3995 127.142
83 42 151.592 48.1777 103.414
83 42 151.592 48.1777 103.414
83 42 151.592 48.1777 103.414
83 42 151.592 48.1777 103.414
83 43 151.592 49.1777 102.414
85 41 151.592 47.1777 104.414
85 41 151.592 47.1777 104.414
86 39 151.627 44.799 106.828
86 39 151.627 44.799 106.828
74 14 151.627 16.4853 135.142
74 12 151.627 14.4853 137.142
74 12 151.627 14.4853 137.142
79 1 151.728 5.65685 146.071
79 1 151.728 5.65685 146.071
81 40 151.749 45.5061 106.243
74 26 151.784 28.6421 123.142
74 26 151.784 28.6421 123.142
74 26 151.784 28.6421 123.142
88 35 151.835 40.1777 111.657
88 35 151.835 40.1777 111.657
88 35 151.835 40.1777 111.657
94 21 151.87 23.7279 128.142
94 21 151.87 23.7279 128.142
93 17 151.87 20.1421 131.728
93 17 151.87 20.1421 131.728
93 17 151.87 20.1421 131.728
73 19 151.87 21.3137 130.556
73 19 151.87 21.3137 130.556
73 19 151.87 21.3137 130.556
73 19 151.87 21.3137 130.556
73 20 151.87 22.3137 129.556
73 18 151.87 20.3137 131.556
80 37 151.956 42.299 109.657
80 37 151.956 42.299 109.657
88 36 151.956 41.299 110.657
80 36 151.956 41.299 110.657
77 4 151.971 8.07107 143.899
90 8 151.971 12.4853 139.485
92 27 151.991 30.6777 121.314
93 27 151.991 30.2635 121.728
93 27 151.991 30.2635 121.728
94 24 151.991 26.8492 125.142
79 30 152.042 34.9706 117.071
79 30 152.042 34.9706 117.071
79 31 152.042 35.9706 116.071
79 31 152.042 35.9706 116.071
73 26 152.113 28.5563 123.556
73 26 152.113 28.5563 123.556
90 28 152.163 32.6777 119.485
90 28 152.163 32.6777 119.485
89 33 152.163 38.0919 114.071
80 35 152.163 40.5061 111.657
78 30 152.163 34.6777 117.485
75 10 152.213 13.4853 138.728
75 7 152.213 10.4853 141.728
75 7 152.213 10.4853 141.728
75 7 152.213 10.4853 141.728
84 43 152.299 50.299 102
84 43 152.299 50.299 102
85 42 152.299 48.8848 103.414
88 1 152.314 6.65685 145.657
88 1 152.314 6.65685 145.657
80 34 152.335 39.6777 112.657
82 44 152.42 50.5919 101.828
82 44 152.42 50.5919 101.828
82 44 152.42 50.5919 101.828
82 44 152.42 50.5919 101.828
82 44 152.42 50.5919 101.828
83 45 152.42 52.0061 100.414
83 45 152.42 52.0061 100.414
83 45 152.42 52.0061 100.414
83 45 152.42 52.0061 100.414
84 46 152.42 53.4203 99
84 46 152.42 53.4203 99
84 46 152.42 53.4203 99
84 46 152.42 53.4203 99
84 47 152.42 54.4203 98
84 47 152.42 54.4203 98
84 48 152.42 55.4203 97
84 48 152.42 55.4203 97
84 48 152.42 55.4203 97
84 49 152.42 56.4203 96
84 49 152.42 56.4203 96
82 43 152.42 49.5919 102.828
73 15 152.456 17.8995 134.556
73 15 152.456 17.8995 134.556
94 26 152.491 29.3492 123.142
77 3 152.556 7.65685 144.899
90 5 152.556 10.0711 142.485
90 5 152.556 10.0711 142.485
78 2 152.556 7.07107 145.485
90 31 152.627 36.1421 116.485
72 21 152.698 23.7279 128.971
72 21 152.698 23.7279 128.971
72 21 152.698 23.7279 128.971
72 22 152.698 24.7279 127.971
72 22 152.698 24.7279 127.971
72 23 152.698 25.7279 126.971
72 23 152.698 25.7279 126.971
72 20 152.698 22.7279 129.971
95 25 152.698 28.1421 124.556
95 25 152.698 28.1421 124.556
94 18 152.698 21.5563 131.142
94 18 152.698 21.5563 131.142
90 32 152.749 37.2635 115.485
80 40 152.784 46.1274 106.657
80 40 152.784 46.1274 106.657
74 27 152.784 30.6421 122.142
74 27 152.784 30.6421 122.142
91 9 152.799 13.8995 138.899
91 9 152.799 13.8995 138.899
91 9 152.799 13.8995 138.899
75 6 152.799 10.0711 142.728
76 5 152.799 9.48528 143.314
78 32 152.87 37.3848 115.485
78 32 152.87 37.3848 115.485
72 27 152.941 29.9706 122.971
72 27 152.941 29.9706 122.971
72 27 152.941 29.9706 122.971
72 27 152.941 29.9706 122.971
72 28 152.941 30.9706 121.971
72 28 152.941 30.9706 121.971
74 8 153.042 11.8995 141.142
74 8 153.042 11.8995 141.142
74 8 153.042 11.8995 141.142
73 12 153.042 15.4853 137.556
73 12 153.042 15.4853 137.556
86 42 153.127 49.299 103.828
86 42 153.127 49.299 103.828
86 42 153.127 49.299 103.828
89 3 153.142 9.07107 144.071
88 37 153.163 43.5061 109.657
75 27 153.198 31.4706 121.728
72 24 153.198 27.2279 125.971
83 50 153.249 57.8345 95.4142
83 50 153.249 57.8345 95.4142
83 50 153.249 57.8345 95.4142
83 50 153.249 57.8345 95.4142
83 51 153.249 58.8345 94.4142
83 51 153.249 58.8345 94.4142
83 51 153.249 58.8345 94.4142
84 52 153.249 60.2487 93
84 52 153.249 60.2487 93
84 52 153.249 60.2487 93
85 49 153.249 56.8345 96.4142
85 49 153.249 56.8345 96.4142
85 49 153.249 56.8345 96.4142
85 47 153.249 54.8345 98.4142
85 47 153.249 54.8345 98.4142
82 46 153.249 53.4203 99.8284
81 45 153.249 52.0061 101.243
81 45 153.249 52.0061 101.243
74 28 153.284 32.1421 121.142
74 28 153.284 32.1421 121.142
75 29 153.284 33.5563 119.728
75 29 153.284 33.5563 119.728
75 29 153.284 33.5563 119.728
75 29 153.284 33.5563 119.728
75 30 153.284 34.5563 118.728
75 30 153.284 34.5563 118.728
74 29 153.284 33.1421 120.142
72 19 153.284 22.3137 130.971
95 21 153.284 24.7279 128.556
95 21 153.284 24.7279 128.556
95 21 153.284 24.7279 128.556
94 17 153.284 21.1421 132.142
89 36 153.37 42.299 111.071
89 36 153.37 42.299 111.071
72 29 153.441 32.4706 120.971
72 29 153.441 32.4706 120.971
79 38 153.491 44.4203 109.071
89 37 153.491 43.4203 110.071
94 28 153.527 32.3848 121.142
96 26 153.527 29.5563 123.971
96 26 153.527 29.5563 123.971
96 26 153.527 29.5563 123.971
92 10 153.627 15.3137 138.314
92 10 153.627 15.3137 138.314
92 11 153.627 16.3137 137.314
92 11 153.627 16.3137 137.314
92 12 153.627 17.3137 136.314
74 7 153.627 11.4853 142.142
77 33 153.698 38.799 114.899
77 33 153.698 38.799 114.899
77 33 153.698 38.799 114.899
77 33 153.698 38.799 114.899
90 34 153.698 40.2132 113.485
89 1 153.728 7.65685 146.071
89 1 153.728 7.65685 146.071
71 29 153.77 32.3848 121.385
71 29 153.77 32.3848 121.385
75 31 153.784 36.0563 117.728
75 31 153.784 36.0563 117.728
86 43 153.835 51.0061 102.828
86 43 153.835 51.0061 102.828
86 44 153.835 52.0061 101.828
86 44 153.835 52.0061 101.828
86 45 153.835 53.0061 100.828
72 15 153.87 18.8995 134.971
72 15 153.87 18.8995 134.971
93 15 153.87 20.1421 133.728
72 13 153.87 16.8995 136.971
72 13 153.87 16.8995 136.971
73 9 153.87 13.3137 140.556
73 9 153.87 13.3137 140.556
72 30 153.941 33.9706 119.971
72 30 153.941 33.9706 119.971
72 30 153.941 33.9706 119.971
73 31 153.941 35.3848 118.556
73 31 153.941 35.3848 118.556
73 32 153.941 36.3848 117.556
73 32 153.941 36.3848 117.556
73 32 153.941 36.3848 117.556
73 33 153.941 37.3848 116.556
73 33 153.941 37.3848 116.556
73 33 153.941 37.3848 116.556
74 34 153.941 38.799 115.142
74 34 153.941 38.799 115.142
74 34 153.941 38.799 115.142
74 34 153.941 38.799 115.142
91 5 153.971 11.0711 142.899
91 5 153.971 11.0711 142.899
90 4 153.971 10.4853 143.485
80 41 153.991 48.3345 105.657
86 50 154.077 58.2487 95.8284
86 50 154.077 58.2487 95.8284
83 53 154.077 61.663 92.4142
83 53 154.077 61.663 92.4142
83 53 154.077 61.663 92.4142
84 54 154.077 63.0772 91
84 54 154.077 63.0772 91
84 54 154.077 63.0772 91
84 55 154.077 64.0772 90
84 55 154.077 64.0772 90
84 55 154.077 64.0772 90
84 56 154.077 65.0772 89
84 56 154.077 65.0772 89
84 56 154.077 65.0772 89
84 57 154.077 66.0772 88
84 57 154.077 66.0772 88
84 57 154.077 66.0772 88
83 54 154.077 62.663 91.4142
82 52 154.077 60.2487 93.8284
82 52 154.077 60.2487 93.8284
81 47 154.077 54.8345 99.2426
81 47 154.077 54.8345 99.2426
71 21 154.113 24.7279 129.385
71 21 154.113 24.7279 129.385
95 18 154.113 22.5563 131.556
95 18 154.113 22.5563 131.556
95 18 154.113 22.5563 131.556
91 32 154.163 38.2635 115.899
91 32 154.163 38.2635 115.899
91 8 154.213 14.3137 139.899
75 5 154.213 10.4853 143.728
71 24 154.234 27.8492 126.385
71 24 154.234 27.8492 126.385
71 24 154.234 27.8492 126.385
79 41 154.32 48.2487 106.071
79 41 154.32 48.2487 106.071
79 41 154.32 48.2487 106.071
81 44 154.335 52.0919 102.243
97 27 154.355 30.9706 123.385
97 27 154.355 30.9706 123.385
97 27 154.355 30.9706 123.385
97 28 154.355 31.9706 122.385
97 28 154.355 31.9706 122.385
97 28 154.355 31.9706 122.385
96 29 154.355 33.3848 120.971
96 29 154.355 33.3848 120.971
91 29 154.406 35.5061 118.899
74 35 154.441 40.299 114.142
74 35 154.441 40.299 114.142
73 34 154.441 38.8848 115.556
93 13 154.456 18.7279 135.728
93 13 154.456 18.7279 135.728
93 12 154.456 17.7279 136.728
72 12 154.456 16.4853 137.971
71 28 154.477 32.0919 122.385
75 35 154.648 40.9203 113.728
85 52 154.663 61.2487 93.4142
85 52 154.663 61.2487 93.4142
86 49 154.663 57.8345 96.8284
87 46 154.663 54.4203 100.243
87 46 154.663 54.4203 100.243
87 46 154.663 54.4203 100.243
87 44 154.663 52.4203 102.243
87 44 154.663 52.4203 102.243
96 21 154.698 25.7279 128.971
96 21 154.698 25.7279 128.971
96 21 154.698 25.7279 128.971
72 17 154.698 21.7279 132.971
94 16 154.698 21.5563 133.142
71 16 154.698 20.3137 134.385
71 25 154.734 29.3492 125.385
76 3 154.799 9.48528 145.314
96 22 154.82 26.8492 127.971
96 22 154.82 26.8492 127.971
96 30 154.855 34.8848 119.971
96 30 154.855 34.8848 119.971
96 30 154.855 34.8848 119.971
97 29 154.855 33.4706 121.385
85 58 154.906 67.4914 87.4142
85 58 154.906 67.4914 87.4142
83 58 154.906 67.4914 87.4142
83 58 154.906 67.4914 87.4142
83 57 154.906 66.4914 88.4142
85 55 154.906 64.4914 90.4142
82 55 154.906 64.0772 90.8284
82 55 154.906 64.0772 90.8284
82 55 154.906 64.0772 90.8284
81 53 154.906 61.663 93.2426
81 53 154.906 61.663 93.2426
81 53 154.906 61.663 93.2426
80 48 154.906 56.2487 98.6569
80 48 154.906 56.2487 98.6569
80 48 154.906 56.2487 98.6569
80 48 154.906 56.2487 98.6569
80 48 154.906 56.2487 98.6569
81 49 154.906 57.663 97.2426
78 38 154.906 45.4203 109.485
78 38 154.906 45.4203 109.485
90 37 154.906 44.4203 110.485
90 37 154.906 44.4203 110.485
90 37 154.906 44.4203 110.485
74 36 154.941 41.799 113.142
74 36 154.941 41.799 113.142
74 36 154.941 41.799 113.142
74 37 154.941 42.799 112.142
74 37 154.941 42.799 112.142
74 37 154.941 42.799 112.142
96 19 154.941 23.9706 130.971
96 19 154.941 23.9706 130.971
90 38 155.027 45.5416 109.485
90 38 155.027 45.5416 109.485
90 38 155.027 45.5416 109.485
93 10 155.042 16.3137 138.728
93 10 155.042 16.3137 138.728
74 6 155.042 11.8995 143.142
95 30 155.062 35.5061 119.556
90 1 155.142 8.65685 146.485
90 1 155.142 8.65685 146.485
75 36 155.148 42.4203 112.728
80 45 155.163 53.5061 101.657
80 45 155.163 53.5061 101.657
98 29 155.184 33.3848 121.799
98 29 155.184 33.3848 121.799
98 29 155.184 33.3848 121.799
98 28 155.184 32.3848 122.799
71 13 155.284 17.8995 137.385
71 13 155.284 17.8995 137.385
71 13 155.284 17.8995 137.385
72 9 155.284 14.3137 140.971
72 9 155.284 14.3137 140.971
76 36 155.355 43.0416 112.314
96 31 155.355 36.3848 118.971
96 31 155.355 36.3848 118.971
96 31 155.355 36.3848 118.971
95 32 155.355 37.799 117.556
95 32 155.355 37.799 117.556
95 32 155.355 37.799 117.556
96 32 155.355 37.3848 117.971
92 5 155.385 12.0711 143.314
92 5 155.385 12.0711 143.314
92 5 155.385 12.0711 143.314
91 4 155.385 11.4853 143.899
76 2 155.385 9.07107 146.314
77 1 155.385 8.48528 146.899
80 49 155.406 57.7487 97.6569
74 38 155.441 44.299 111.142
72 34 155.477 39.5061 115.971
72 34 155.477 39.5061 115.971
72 34 155.477 39.5061 115.971
71 31 155.477 36.0919 119.385
71 31 155.477 36.0919 119.385
99 30 155.482 34.2687 121.213
99 30 155.482 34.2687 121.213
99 30 155.482 34.2687 121.213
99 30 155.482 34.2687 121.213
99 31 154.732 34.5187 120.213
99 31 154.732 34.5187 120.213
99 32 153.982 34.7687 119.213
99 32 153.982 34.7687 119.213
99 32 153.982 34.7687 119.213
99 33 153.232 35.0187 118.213
99 33 153.232 35.0187 118.213
99 33 153.232 35.0187 118.213
99 34 152.482 35.2687 117.213
99 35 151.732 35.5187 116.213
99 35 151.732 35.5187 116.213
99 36 150.982 35.7687 115.213
99 36 150.982 35.7687 115.213
99 37 150.232 36.0187 114.213
99 37 150.232 36.0187 114.213
99 37 150.232 36.0187 114.213
99 38 149.482 36.2687 113.213
99 38 149.482 36.2687 113.213
99 38 149.482 36.2687 113.213
99 39 148.732 36.5187 112.213
99 39 148.732 36.5187 112.213
99 39 148.732 36.5187 112.213
99 40 147.982 36.7687 111.213
99 40 147.982 36.7687 111.213
99 40 147.982 36.7687 111.213
99 41 147.232 37.0187 110.213
99 41 147.232 37.0187 110.213
99 42 146.482 37.2687 109.213
99 42 146.482 37.2687 109.213
99 43 145.732 37.5187 108.213
99 43 145.732 37.5187 108.213
99 43 145.732 37.5187 108.213
99 44 144.982 37.7687 107.213
99 44 144.982 37.7687 107.213
99 44 144.982 37.7687 107.213
99 45 144.232 38.0187 106.213
99 45 144.232 38.0187 106.213
99 46 143.482 38.2687 105.213
99 46 143.482 38.2687 105.213
99 46 143.482 38.2687 105.213
99 47 142.732 38.5187 104.213
99 47 142.732 38.5187 104.213
99 47 142.732 38.5187 104.213
99 48 141.982 38.7687 103.213
99 48 141.982 38.7687 103.213
99 48 141.982 38.7687 103.213
99 49 141.232 39.0187 102.213
99 49 141.232 39.0187 102.213
99 49 141.232 39.0187 102.213
99 50 140.482 39.2687 101.213
99 50 140.482 39.2687 101.213
99 50 140.482 39.2687 101.213
99 51 139.732 39.5187 100.213
99 51 139.732 39.5187 100.213
99 51 139.732 39.5187 100.213
99 52 138.982 39.7687 99.2132
99 52 138.982 39.7687 99.2132
99 52 138.982 39.7687 99.2132
99 53 138.232 40.0187 98.2132
99 53 138.232 40.0187 98.2132
99 54 137.482 40.2687 97.2132
99 54 137.482 40.2687 97.2132
99 54 137.482 40.2687 97.2132
99 55 136.732 40.5187 96.2132
99 55 136.732 40.5187 96.2132
99 55 136.732 40.5187 96.2132
99 56 135.982 40.7687 95.2132
99 57 135.232 41.0187 94.2132
99 57 135.232 41.0187 94.2132
99 57 135.232 41.0187 94.2132
99 58 134.482 41.2687 93.2132
99 58 134.482 41.2687 93.2132
99 58 134.482 41.2687 93.2132
99 59 133.732 41.5187 92.2132
99 59 133.732 41.5187 92.2132
99 59 133.732 41.5187 92.2132
99 60 132.982 41.7687 91.2132
99 60 132.982 41.7687 91.2132
99 61 132.232 42.0187 90.2132
99 61 132.232 42.0187 90.2132
99 62 131.482 42.2687 89.2132
99 62 131.482 42.2687 89.2132
99 62 131.482 42.2687 89.2132
99 63 130.732 42.5187 88.2132
99 63 130.732 42.5187 88.2132
99 63 130.732 42.5187 88.2132
99 64 129.982 42.7687 87.2132
99 64 129.982 42.7687 87.2132
99 64 129.982 42.7687 87.2132
99 65 129.232 43.0187 86.2132
99 65 129.232 43.0187 86.2132
99 65 129.232 43.0187 86.2132
99 66 128.482 43.2687 85.2132
99 66 128.482 43.2687 85.2132
99 66 128.482 43.2687 85.2132
99 67 127.857 43.6437 84.2132
99 67 127.857 43.6437 84.2132
99 67 127.857 43.6437 84.2132
99 68 127.232 44.0187 83.2132
99 68 127.232 44.0187 83.2132
99 68 127.232 44.0187 83.2132
99 69 126.482 44.2687 82.2132
99 69 126.482 44.2687 82.2132
99 70 125.732 44.5187 81.2132
99 70 125.732 44.5187 81.2132
99 70 125.732 44.5187 81.2132
99 71 124.982 44.7687 80.2132
99 71 124.982 44.7687 80.2132
99 71 124.982 44.7687 80.2132
99 72 124.232 45.0187 79.2132
99 72 124.232 45.0187 79.2132
99 72 124.232 45.0187 79.2132
99 73 123.482 45.2687 78.2132
99 73 123.482 45.2687 78.2132
99 73 123.482 45.2687 78.2132
99 74 122.732 45.5187 77.2132
99 74 122.732 45.5187 77.2132
99 74 122.732 45.5187 77.2132
99 75 122.107 45.8937 76.2132
99 75 122.107 45.8937 76.2132
99 75 122.107 45.8937 76.2132
99 76 121.482 46.2687 75.2132
99 76 121.482 46.2687 75.2132
99 76 121.482 46.2687 75.2132
99 77 120.732 46.5187 74.2132
99 77 120.732 46.5187 74.2132
99 77 120.732 46.5187 74.2132
99 78 119.982 46.7687 73.2132
99 78 119.982 46.7687 73.2132
99 79 119.232 47.0187 72.2132
99 79 119.232 47.0187 72.2132
99 79 119.232 47.0187 72.2132
99 80 118.607 47.3937 71.2132
99 80 118.607 47.3937 71.2132
99 80 118.607 47.3937 71.2132
99 81 118.107 47.8937 70.2132
99 81 118.107 47.8937 70.2132
99 81 118.107 47.8937 70.2132
99 82 117.607 48.3937 69.2132
99 82 117.607 48.3937 69.2132
99 82 117.607 48.3937 69.2132
99 83 116.982 48.7687 68.2132
99 83 116.982 48.7687 68.2132
99 84 116.357 49.1437 67.2132
99 84 116.357 49.1437 67.2132
99 84 116.357 49.1437 67.2132
99 85 115.857 49.6437 66.2132
99 85 115.857 49.6437 66.2132
99 85 115.857 49.6437 66.2132
99 86 115.232 50.0187 65.2132
99 86 115.232 50.0187 65.2132
99 87 114.607 50.3937 64.2132
99 87 114.607 50.3937 64.2132
99 87 114.607 50.3937 64.2132
99 88 114.107 50.8937 63.2132
99 88 114.107 50.8937 63.2132
99 89 113.482 51.2687 62.2132
99 89 113.482 51.2687 62.2132
99 89 113.482 51.2687 62.2132
99 90 112.857 51.6437 61.2132
99 91 112.232 52.0187 60.2132
99 91 112.232 52.0187 60.2132
99 91 112.232 52.0187 60.2132
99 92 111.482 52.2687 59.2132
99 92 111.482 52.2687 59.2132
99 92 111.482 52.2687 59.2132
99 93 110.732 52.5187 58.2132
99 93 110.732 52.5187 58.2132
99 93 110.732 52.5187 58.2132
99 94 109.982 52.7687 57.2132
99 94 109.982 52.7687 57.2132
99 94 109.982 52.7687 57.2132
99 95 109.232 53.0187 56.2132
99 95 109.232 53.0187 56.2132
99 95 109.232 53.0187 56.2132
99 96 108.482 53.2687 55.2132
99 96 108.482 53.2687 55.2132
99 97 107.732 53.5187 54.2132
99 97 107.732 53.5187 54.2132
99 97 107.732 53.5187 54.2132
99 98 106.982 53.7687 53.2132
99 98 106.982 53.7687 53.2132
99 98 106.982 53.7687 53.2132
99 99 106.232 54.0187 52.2132
99 99 106.232 54.0187 52.2132
99 99 106.232 54.0187 52.2132
98 100 105.702 54.9025 50.799
98 100 105.702 54.9025 50.799
98 100 105.702 54.9025 50.799
98 100 105.702 54.9025 50.799
97 101 105.702 56.3168 49.3848
97 101 105.702 56.3168 49.3848
97 101 105.702 56.3168 49.3848
97 101 105.702 56.3168 49.3848
96 102 105.702 57.731 47.9706
96 102 105.702 57.731 47.9706
96 102 105.702 57.731 47.9706
96 102 105.702 57.731 47.9706
96 102 105.702 57.731 47.9706
95 103 105.702 59.1452 46.5563
95 103 105.702 59.1452 46.5563
95 103 105.702 59.1452 46.5563
94 104 105.702 60.5594 45.1421
94 104 105.702 60.5594 45.1421
94 104 105.702 60.5594 45.1421
93 105 105.702 61.9736 43.7279
93 105 105.702 61.9736 43.7279
93 105 105.702 61.9736 43.7279
93 105 105.702 61.9736 43.7279
93 105 105.702 61.9736 43.7279
92 106 105.702 63.3878 42.3137
92 106 105.702 63.3878 42.3137
92 106 105.702 63.3878 42.3137
91 107 105.702 64.802 40.8995
91 107 105.702 64.802 40.8995
91 107 105.702 64.802 40.8995
91 107 105.702 64.802 40.8995
90 108 105.702 66.2163 39.4853
90 108 105.702 66.2163 39.4853
89 109 105.702 67.6305 38.0711
89 109 105.702 67.6305 38.0711
89 109 105.702 67.6305 38.0711
89 109 105.702 67.6305 38.0711
89 109 105.702 67.6305 38.0711
88 110 105.702 69.0447 36.6569
88 110 105.702 69.0447 36.6569
88 110 105.702 69.0447 36.6569
87 111 105.702 70.4589 35.2426
87 111 105.702 70.4589 35.2426
87 111 105.702 70.4589 35.2426
87 111 105.702 70.4589 35.2426
86 112 105.702 71.8731 33.8284
86 112 105.702 71.8731 33.8284
86 112 105.702 71.8731 33.8284
86 112 105.702 71.8731 33.8284
88 111 105.702 70.0447 35.6569
89 110 105.702 68.6305 37.0711
93 106 105.702 62.9736 42.7279
94 105 105.702 61.5594 44.1421
95 104 105.702 60.1452 45.5563
96 103 105.702 58.731 46.9706
98 101 105.702 55.9025 49.799
99 100 105.857 54.6437 51.2132
86 113 106.202 73.3731 32.8284
86 113 106.202 73.3731 32.8284
87 112 106.202 71.9589 34.2426
86 111 106.287 71.4589 34.8284
88 109 106.287 68.6305 37.6569
89 108 106.287 67.2163 39.0711
90 107 106.287 65.802 40.4853
94 103 106.287 60.1452 46.1421
95 102 106.287 58.731 47.5563
96 101 106.287 57.3168 48.9706
85 113 106.409 73.9944 32.4142
85 113 106.409 73.9944 32.4142
88 112 106.53 71.8731 34.6569
90 111 106.53 70.0447 36.4853
90 111 106.53 70.0447 36.4853
90 111 106.53 70.0447 36.4853
90 111 106.53 70.0447 36.4853
90 112 106.53 71.0447 35.4853
92 108 106.53 66.2163 40.3137
92 108 106.53 66.2163 40.3137
94 107 106.53 64.3878 42.1421
94 107 106.53 64.3878 42.1421
94 107 106.53 64.3878 42.1421
94 108 106.53 65.3878 41.1421
94 109 106.53 66.3878 40.1421
94 109 106.53 66.3878 40.1421
94 109 106.53 66.3878 40.1421
93 110 106.53 67.802 38.7279
93 110 106.53 67.802 38.7279
93 110 106.53 67.802 38.7279
93 110 106.53 67.802 38.7279
92 111 106.53 69.2163 37.3137
92 111 106.53 69.2163 37.3137
92 112 106.53 70.2163 36.3137
92 112 106.53 70.2163 36.3137
92 113 106.53 71.2163 35.3137
92 113 106.53 71.2163 35.3137
93 111 106.53 68.802 37.7279
94 110 106.53 67.3878 39.1421
95 106 106.53 62.9736 43.5563
95 106 106.53 62.9736 43.5563
97 104 106.53 60.1452 46.3848
97 104 106.53 60.1452 46.3848
97 105 106.53 61.1452 45.3848
97 105 106.53 61.1452 45.3848
97 106 106.53 62.1452 44.3848
97 106 106.53 62.1452 44.3848
97 107 106.53 63.1452 43.3848
97 107 106.53 63.1452 43.3848
97 107 106.53 63.1452 43.3848
96 108 106.53 64.5594 41.9706
96 108 106.53 64.5594 41.9706
96 109 106.53 65.5594 40.9706
96 110 106.53 66.5594 39.9706
96 110 106.53 66.5594 39.9706
96 111 106.53 67.5594 38.9706
96 111 106.53 67.5594 38.9706
96 111 106.53 67.5594 38.9706
95 112 106.53 68.9736 37.5563
95 112 106.53 68.9736 37.5563
95 112 106.53 68.9736 37.5563
95 113 106.53 69.9736 36.5563
95 113 106.53 69.9736 36.5563
95 113 106.53 69.9736 36.5563
94 114 106.53 71.3878 35.1421
94 114 106.53 71.3878 35.1421
94 114 106.53 71.3878 35.1421
95 114 106.53 70.9736 35.5563
97 108 106.53 64.1452 42.3848
99 102 106.53 57.3168 49.2132
99 102 106.53 57.3168 49.2132
99 102 106.53 57.3168 49.2132
99 103 106.53 58.3168 48.2132
99 103 106.53 58.3168 48.2132
99 104 106.53 59.3168 47.2132
99 104 106.53 59.3168 47.2132
99 105 106.53 60.3168 46.2132
100 100 106.53 54.9025 51.6274
100 100 106.53 54.9025 51.6274
100 100 106.53 54.9025 51.6274
100 101 106.685 56.0579 50.6274
100 99 106.75 54.1222 52.6274
85 114 106.909 75.4944 31.4142
92 114 107.03 72.7163 34.3137
90 113 107.03 72.5447 34.4853
94 115 107.03 72.8878 34.1421
94 115 107.03 72.8878 34.1421
94 115 107.03 72.8878 34.1421
84 114 107.116 76.1157 31
84 114 107.116 76.1157 31
87 113 107.237 73.9944 33.2426
93 115 107.237 73.5091 33.7279
100 106 107.358 61.731 45.6274
100 106 107.358 61.731 45.6274
100 106 107.358 61.731 45.6274
100 106 107.358 61.731 45.6274
100 106 107.358 61.731 45.6274
99 107 107.358 63.1452 44.2132
99 107 107.358 63.1452 44.2132
99 108 107.358 64.1452 43.2132
99 108 107.358 64.1452 43.2132
99 109 107.358 65.1452 42.2132
99 109 107.358 65.1452 42.2132
99 110 107.358 66.1452 41.2132
99 110 107.358 66.1452 41.2132
99 110 107.358 66.1452 41.2132
98 111 107.358 67.5594 39.799
100 107 107.358 62.731 44.6274
100 105 107.358 60.731 46.6274
100 104 107.358 59.731 47.6274
96 115 107.358 72.3878 34.9706
96 115 107.358 72.3878 34.9706
96 115 107.358 72.3878 34.9706
101 101 107.358 56.3168 51.0416
101 101 107.358 56.3168 51.0416
101 101 107.358 56.3168 51.0416
101 102 107.514 57.4721 50.0416
92 115 107.53 74.2163 33.3137
91 116 107.53 75.6305 31.8995
91 116 107.53 75.6305 31.8995
91 116 107.53 75.6305 31.8995
91 116 107.53 75.6305 31.8995
94 116 107.53 74.3878 33.1421
94 116 107.53 74.3878 33.1421
93 117 107.53 75.802 31.7279
93 117 107.53 75.802 31.7279
93 118 107.53 76.802 30.7279
93 118 107.53 76.802 30.7279
93 118 107.53 76.802 30.7279
92 119 107.176 77.8627 29.3137
92 119 107.176 77.8627 29.3137
92 119 107.176 77.8627 29.3137
91 119 107.137 78.2377 28.8995
91 119 107.137 78.2377 28.8995
90 119 107.098 78.6127 28.4853
90 119 107.098 78.6127 28.4853
89 120 106.744 79.6734 27.0711
89 120 106.744 79.6734 27.0711
89 120 106.744 79.6734 27.0711
89 120 106.744 79.6734 27.0711
89 119 107.059 78.9877 28.0711
92 120 107.426 79.1127 28.3137
88 121 107.452 81.7947 25.6569
88 121 107.452 81.7947 25.6569
88 121 107.452 81.7947 25.6569
88 121 107.452 81.7947 25.6569
93 120 107.651 78.9234 28.7279
85 111 107.702 73.2873 34.4142
85 111 107.702 73.2873 34.4142
87 109 107.702 70.4589 37.2426
88 108 107.702 69.0447 38.6569
90 106 107.702 66.2163 41.4853
92 104 107.702 63.3878 44.3137
95 101 107.702 59.1452 48.5563
96 100 107.702 57.731 49.9706
86 115 107.737 76.9086 30.8284
86 115 107.737 76.9086 30.8284
86 115 107.737 76.9086 30.8284
87 114 107.737 75.4944 32.2426
88 120 107.83 81.1734 26.6569
101 100 107.944 55.9025 52.0416
88 122 107.952 83.2947 24.6569
88 122 107.952 83.2947 24.6569
88 122 107.952 83.2947 24.6569
87 123 107.952 84.7089 23.2426
87 123 107.952 84.7089 23.2426
87 123 107.952 84.7089 23.2426
87 123 107.952 84.7089 23.2426
87 123 107.952 84.7089 23.2426
87 124 107.952 85.7089 22.2426
87 124 107.952 85.7089 22.2426
87 124 107.952 85.7089 22.2426
87 125 107.952 86.7089 21.2426
87 125 107.952 86.7089 21.2426
87 125 107.952 86.7089 21.2426
87 126 107.952 87.7089 20.2426
87 126 107.952 87.7089 20.2426
87 126 107.952 87.7089 20.2426
87 127 107.952 88.7089 19.2426
87 127 107.952 88.7089 19.2426
86 128 107.952 90.1231 17.8284
86 128 107.952 90.1231 17.8284
86 128 107.952 90.1231 17.8284
86 128 107.952 90.1231 17.8284
86 128 107.952 90.1231 17.8284
98 97 107.952 54.1525 53.799
94 119 108.005 77.8627 30.1421
90 114 108.03 74.5447 33.4853
100 98 108.03 54.4025 53.6274
97 116 108.187 73.802 34.3848
97 116 108.187 73.802 34.3848
97 116 108.187 73.802 34.3848
97 116 108.187 73.802 34.3848
97 116 108.187 73.802 34.3848
97 117 108.187 74.802 33.3848
97 117 108.187 74.802 33.3848
97 117 108.187 74.802 33.3848
96 118 108.187 76.2163 31.9706
96 118 108.187 76.2163 31.9706
96 119 107.937 76.9663 30.9706
96 119 107.937 76.9663 30.9706
96 120 108.187 78.2163 29.9706
97 118 108.187 75.802 32.3848
100 111 108.187 67.5594 40.6274
100 111 108.187 67.5594 40.6274
100 111 108.187 67.5594 40.6274
100 110 108.187 66.5594 41.6274
101 108 108.187 64.1452 44.0416
101 108 108.187 64.1452 44.0416
102 102 108.187 57.731 50.4558
102 102 108.187 57.731 50.4558
102 102 108.187 57.731 50.4558
86 116 108.237 78.4086 29.8284
86 116 108.237 78.4086 29.8284
90 121 108.28 81.7947 26.4853
90 121 108.28 81.7947 26.4853
84 111 108.287 74.2873 34
84 111 108.287 74.2873 34
84 111 108.287 74.2873 34
85 110 108.287 72.8731 35.4142
87 108 108.287 70.0447 38.2426
88 107 108.287 68.6305 39.6569
88 107 108.287 68.6305 39.6569
94 101 108.287 60.1452 48.1421
94 101 108.287 60.1452 48.1421
93 102 108.287 61.5594 46.7279
95 100 108.287 58.731 49.5563
102 103 108.342 58.8863 49.4558
102 104 108.342 59.8863 48.4558
102 104 108.342 59.8863 48.4558
102 105 108.342 60.8863 47.4558
97 120 108.412 78.0269 30.3848
97 120 108.412 78.0269 30.3848
86 129 108.452 91.6231 16.8284
86 129 108.452 91.6231 16.8284
86 129 108.452 91.6231 16.8284
94 121 108.48 80.3376 28.1421
94 121 108.48 80.3376 28.1421
94 121 108.48 80.3376 28.1421
94 122 108.48 81.3376 27.1421
94 122 108.48 81.3376 27.1421
88 118 108.528 79.8716 28.6569
83 114 108.53 77.1157 31.4142
83 114 108.53 77.1157 31.4142
83 114 108.53 77.1157 31.4142
88 115 108.565 76.9086 31.6569
85 129 108.659 92.2444 16.4142
85 129 108.659 92.2444 16.4142
86 127 108.659 89.8302 18.8284
86 126 108.659 88.8302 19.8284
86 125 108.659 87.8302 20.8284
86 124 108.659 86.8302 21.8284
98 119 108.662 76.8627 31.799
98 119 108.662 76.8627 31.799
98 119 108.662 76.8627 31.799
102 101 108.773 57.3168 51.4558
87 129 108.78 91.5373 17.2426
88 124 108.78 86.1231 22.6569
90 122 108.78 83.2947 25.4853
101 99 108.828 55.7864 53.0416
99 112 108.894 69.6807 39.2132
99 112 108.894 69.6807 39.2132
85 117 108.944 80.53 28.4142
85 117 108.944 80.53 28.4142
85 117 108.944 80.53 28.4142
85 117 108.944 80.53 28.4142
84 118 108.944 81.9442 27
84 118 108.944 81.9442 27
84 118 108.944 81.9442 27
84 118 108.944 81.9442 27
84 118 108.944 81.9442 27
84 119 108.569 82.5692 26
84 119 108.569 82.5692 26
84 120 108.194 83.1942 25
84 120 108.194 83.1942 25
84 120 108.194 83.1942 25
84 121 108.194 84.1942 24
84 121 108.194 84.1942 24
84 121 108.194 84.1942 24
84 122 108.194 85.1942 23
84 122 108.194 85.1942 23
84 123 108.194 86.1942 22
86 130 108.952 93.1231 15.8284
86 130 108.952 93.1231 15.8284
86 130 108.952 93.1231 15.8284
85 131 108.952 94.5373 14.4142
85 131 108.952 94.5373 14.4142
85 131 108.952 94.5373 14.4142
85 131 108.952 94.5373 14.4142
85 132 108.952 95.5373 13.4142
85 132 108.952 95.5373 13.4142
93 121 108.962 81.234 27.7279
92 122 108.962 82.6482 26.3137
92 123 108.962 83.6482 25.3137
92 123 108.962 83.6482 25.3137
91 124 108.962 85.0624 23.8995
91 124 108.962 85.0624 23.8995
90 125 108.962 86.4767 22.4853
90 125 108.962 86.4767 22.4853
90 125 108.962 86.4767 22.4853
90 126 108.962 87.4767 21.4853
90 126 108.962 87.4767 21.4853
92 124 108.962 84.6482 24.3137
94 123 108.98 82.8376 26.1421
94 123 108.98 82.8376 26.1421
98 118 109.015 76.2163 32.799
103 103 109.015 59.1452 49.8701
103 103 109.015 59.1452 49.8701
103 103 109.015 59.1452 49.8701
83 122 109.023 85.6084 23.4142
83 122 109.023 85.6084 23.4142
83 122 109.023 85.6084 23.4142
85 122 109.023 85.6084 23.4142
83 121 109.023 84.6084 24.4142
85 128 109.037 91.6231 17.4142
101 98 109.048 55.0061 54.0416
83 112 109.116 75.7015 33.4142
83 112 109.116 75.7015 33.4142
99 120 109.137 77.9234 31.2132
99 120 109.137 77.9234 31.2132
99 120 109.137 77.9234 31.2132
99 120 109.137 77.9234 31.2132
99 121 109.137 78.9234 30.2132
99 121 109.137 78.9234 30.2132
99 121 109.137 78.9234 30.2132
103 106 109.171 62.3005 46.8701
103 106 109.171 62.3005 46.8701
103 106 109.171 62.3005 46.8701
103 106 109.171 62.3005 46.8701
103 107 109.171 63.3005 45.8701
98 121 109.24 79.4411 29.799
97 122 109.24 80.8553 28.3848
97 122 109.24 80.8553 28.3848
97 122 109.24 80.8553 28.3848
96 123 109.24 82.2696 26.9706
96 123 109.24 82.2696 26.9706
85 119 109.242 82.8281 26.4142
97 115 109.273 73.8878 35.3848
99 113 109.394 71.1807 38.2132
99 113 109.394 71.1807 38.2132
99 114 109.394 72.1807 37.2132
99 114 109.394 72.1807 37.2132
83 119 109.419 83.0048 26.4142
83 119 109.419 83.0048 26.4142
85 133 109.452 97.0373 12.4142
86 131 109.452 94.6231 14.8284
98 95 109.452 53.6525 55.799
90 127 109.462 88.9767 20.4853
90 127 109.462 88.9767 20.4853
84 117 109.53 81.53 28
100 96 109.53 53.9025 55.6274
99 119 109.576 77.3627 32.2132
102 108 109.601 65.1452 44.4558
101 111 109.601 68.5594 41.0416
101 111 109.601 68.5594 41.0416
101 111 109.601 68.5594 41.0416
99 122 109.637 80.4234 29.2132
84 133 109.659 97.6586 12
84 133 109.659 97.6586 12
84 133 109.659 97.6586 12
83 111 109.702 75.2873 34.4142
84 110 109.702 74.7015 35
89 105 109.702 67.6305 42.0711
87 107 109.702 70.4589 39.2426
86 108 109.702 71.8731 37.8284
91 103 109.702 64.802 44.8995
91 103 109.702 64.802 44.8995
91 103 109.702 64.802 44.8995
94 100 109.702 60.5594 49.1421
95 99 109.702 59.1452 50.5563
95 99 109.702 59.1452 50.5563
95 99 109.702 59.1452 50.5563
101 112 109.722 69.6807 40.0416
83 124 109.73 88.3155 21.4142
83 124 109.73 88.3155 21.4142
83 124 109.73 88.3155 21.4142
83 124 109.73 88.3155 21.4142
96 124 109.74 83.7696 25.9706
96 124 109.74 83.7696 25.9706
96 124 109.74 83.7696 25.9706
97 123 109.74 82.3553 27.3848
91 126 109.79 87.8909 21.8995
93 125 109.79 86.0624 23.7279
93 125 109.79 86.0624 23.7279
93 126 109.79 87.0624 22.7279
104 104 109.844 60.5594 49.2843
104 104 109.844 60.5594 49.2843
82 123 109.851 87.0226 22.8284
82 123 109.851 87.0226 22.8284
82 123 109.851 87.0226 22.8284
99 115 109.894 73.6807 36.2132
82 114 109.944 78.1157 31.8284
97 96 109.952 55.5668 54.3848
97 96 109.952 55.5668 54.3848
97 96 109.952 55.5668 54.3848
96 97 109.952 56.981 52.9706
90 128 109.962 90.4767 19.4853
90 128 109.962 90.4767 19.4853
90 129 109.962 91.4767 18.4853
100 122 109.965 80.3376 29.6274
100 122 109.965 80.3376 29.6274
100 121 109.965 79.3376 30.6274
87 130 109.987 93.7444 16.2426
104 107 109.999 63.7147 46.2843
104 107 109.999 63.7147 46.2843
104 107 109.999 63.7147 46.2843
104 108 109.999 64.7147 45.2843
104 108 109.999 64.7147 45.2843
104 109 109.999 65.7147 44.2843
104 109 109.999 65.7147 44.2843
103 110 109.999 67.1289 42.8701
103 110 109.999 67.1289 42.8701
103 111 109.999 68.1289 41.8701
103 112 109.999 69.1289 40.8701
103 112 109.999 69.1289 40.8701
103 113 109.999 70.1289 39.8701
103 113 109.999 70.1289 39.8701
102 114 109.999 71.5432 38.4558
102 114 109.999 71.5432 38.4558
102 114 109.999 71.5432 38.4558
101 115 109.999 72.9574 37.0416
101 115 109.999 72.9574 37.0416
84 131 110.037 96.0373 14
82 115 110.065 79.2371 30.8284
82 115 110.065 79.2371 30.8284
97 124 110.069 83.6838 26.3848
98 123 110.069 82.2696 27.799
84 130 110.073 95.0729 15
102 100 110.187 57.731 52.4558
98 94 110.202 53.4025 56.799
82 119 110.208 83.3798 26.8284
82 119 110.208 83.3798 26.8284
82 119 110.208 83.3798 26.8284
96 125 110.24 85.2696 24.9706
96 125 110.24 85.2696 24.9706
96 126 110.24 86.2696 23.9706
96 126 110.24 86.2696 23.9706
96 126 110.24 86.2696 23.9706
102 99 110.242 56.7864 53.4558
84 129 110.244 94.2444 16
100 95 110.28 53.6525 56.6274
85 108 110.287 72.8731 37.4142
85 108 110.287 72.8731 37.4142
84 109 110.287 74.2873 36
87 106 110.287 70.0447 40.2426
87 106 110.287 70.0447 40.2426
90 103 110.287 65.802 44.4853
90 103 110.287 65.802 44.4853
93 100 110.287 61.5594 48.7279
94 99 110.287 60.1452 50.1421
88 130 110.315 93.6586 16.6569
83 118 110.358 82.9442 27.4142
104 103 110.429 60.1452 50.2843
84 125 110.437 90.4368 20
84 125 110.437 90.4368 20
85 134 110.452 99.0373 11.4142
85 134 110.452 99.0373 11.4142
85 134 110.452 99.0373 11.4142
86 132 110.487 96.6586 13.8284
87 131 110.487 95.2444 15.2426
101 116 110.499 74.4574 36.0416
101 116 110.499 74.4574 36.0416
101 116 110.499 74.4574 36.0416
103 114 110.499 71.6289 38.8701
81 120 110.506 84.2637 26.2426
81 120 110.506 84.2637 26.2426
81 120 110.506 84.2637 26.2426
81 120 110.506 84.2637 26.2426
81 121 110.506 85.2637 25.2426
95 97 110.537 57.981 52.5563
95 97 110.537 57.981 52.5563
92 127 110.619 89.3051 21.3137
94 127 110.619 88.4767 22.1421
94 127 110.619 88.4767 22.1421
94 128 110.619 89.4767 21.1421
94 128 110.619 89.4767 21.1421
94 128 110.619 89.4767 21.1421
99 123 110.637 82.4234 28.2132
83 125 110.73 90.3155 20.4142
96 127 110.74 87.7696 22.9706
96 127 110.74 87.7696 22.9706
81 115 110.773 79.53 31.2426
81 115 110.773 79.53 31.2426
81 115 110.773 79.53 31.2426
91 129 110.79 91.8909 18.8995
101 123 110.793 81.7518 29.0416
101 123 110.793 81.7518 29.0416
101 123 110.793 81.7518 29.0416
101 123 110.793 81.7518 29.0416
101 124 110.793 82.7518 28.0416
101 124 110.793 82.7518 28.0416
101 124 110.793 82.7518 28.0416
101 125 110.793 83.7518 27.0416
101 125 110.793 83.7518 27.0416
101 125 110.793 83.7518 27.0416
100 126 110.793 85.166 25.6274
100 126 110.793 85.166 25.6274
100 126 110.793 85.166 25.6274
100 126 110.793 85.166 25.6274
100 127 110.793 86.166 24.6274
100 127 110.793 86.166 24.6274
99 128 110.793 87.5802 23.2132
99 128 110.793 87.5802 23.2132
99 128 110.793 87.5802 23.2132
100 128 110.793 87.166 23.6274
102 116 110.827 74.3716 36.4558
104 111 110.827 68.5432 42.2843
104 111 110.827 68.5432 42.2843
105 110 110.827 67.1289 43.6985
105 109 110.827 66.1289 44.6985
101 97 110.858 55.8168 55.0416
84 108 110.873 73.8731 37
89 103 110.873 66.802 44.0711
89 103 110.873 66.802 44.0711
98 93 110.952 53.1525 57.799
87 132 110.987 96.7444 14.2426
101 117 110.999 75.9574 35.0416
101 117 110.999 75.9574 35.0416
103 101 111.015 59.1452 51.8701
82 112 111.03 77.2015 33.8284
82 112 111.03 77.2015 33.8284
100 94 111.03 53.4025 57.6274
100 120 111.051 79.4234 31.6274
83 110 111.116 75.7015 35.4142
94 129 111.119 90.9767 20.1421
94 129 111.119 90.9767 20.1421
94 97 111.123 58.981 52.1421
83 134 111.194 99.78 11.4142
83 134 111.194 99.78 11.4142
83 134 111.194 99.78 11.4142
83 135 111.194 100.78 10.4142
83 135 111.194 100.78 10.4142
83 135 111.194 100.78 10.4142
84 136 111.194 102.194 9
84 136 111.194 102.194 9
84 136 111.194 102.194 9
84 136 111.194 102.194 9
105 104 111.258 61.5594 49.6985
101 126 111.293 85.2518 26.0416
80 122 111.335 86.6779 24.6569
80 122 111.335 86.6779 24.6569
80 122 111.335 86.6779 24.6569
80 122 111.335 86.6779 24.6569
98 128 111.379 88.5802 22.799
97 129 111.379 89.9944 21.3848
97 129 111.379 89.9944 21.3848
97 129 111.379 89.9944 21.3848
97 129 111.379 89.9944 21.3848
97 130 111.379 90.9944 20.3848
97 130 111.379 90.9944 20.3848
97 130 111.379 90.9944 20.3848
97 131 111.379 91.9944 19.3848
97 131 111.379 91.9944 19.3848
97 132 111.379 92.9944 18.3848
97 132 111.379 92.9944 18.3848
96 133 111.379 94.4086 16.9706
96 133 111.379 94.4086 16.9706
96 133 111.379 94.4086 16.9706
96 133 111.379 94.4086 16.9706
95 134 111.379 95.8229 15.5563
95 134 111.379 95.8229 15.5563
94 135 111.379 97.2371 14.1421
94 135 111.379 97.2371 14.1421
94 135 111.379 97.2371 14.1421
94 135 111.379 97.2371 14.1421
81 124 111.387 89.1439 22.2426
81 124 111.387 89.1439 22.2426
105 107 111.413 64.7147 46.6985
85 135 111.452 101.037 10.4142
97 94 111.452 55.0668 56.3848
97 94 111.452 55.0668 56.3848
88 103 111.459 67.802 43.6569
88 103 111.459 67.802 43.6569
88 103 111.459 67.802 43.6569
87 104 111.459 69.2163 42.2426
87 104 111.459 69.2163 42.2426
91 130 111.497 93.598 17.8995
101 118 111.499 77.4574 34.0416
98 129 111.501 89.7015 21.799
88 131 111.523 95.8657 15.6569
103 115 111.535 73.6645 37.8701
104 113 111.535 71.2503 40.2843
104 113 111.535 71.2503 40.2843
103 100 111.601 58.731 52.8701
100 129 111.622 88.9944 22.6274
100 129 111.622 88.9944 22.6274
102 124 111.622 83.166 28.4558
102 124 111.622 83.166 28.4558
102 124 111.622 83.166 28.4558
103 117 111.656 75.7858 35.8701
103 117 111.656 75.7858 35.8701
103 117 111.656 75.7858 35.8701
105 112 111.656 69.9574 41.6985
105 112 111.656 69.9574 41.6985
84 137 111.694 103.694 8
84 137 111.694 103.694 8
84 137 111.694 103.694 8
90 102 111.702 66.2163 45.4853
86 106 111.702 71.8731 39.8284
93 99 111.702 61.9736 49.7279
98 92 111.702 52.9025 58.799
93 97 111.709 59.981 51.7279
93 97 111.709 59.981 51.7279
100 93 111.78 53.1525 58.6274
88 133 111.815 98.1586 13.6569
88 133 111.815 98.1586 13.6569
88 133 111.815 98.1586 13.6569
87 134 111.815 99.5729 12.2426
87 134 111.815 99.5729 12.2426
80 123 111.835 88.1779 23.6569
89 131 111.851 95.78 16.0711
82 111 111.944 77.1157 34.8284
96 95 111.952 56.981 54.9706
93 135 111.965 98.2371 13.7279
93 135 111.965 98.2371 13.7279
93 135 111.965 98.2371 13.7279
92 136 111.965 99.6513 12.3137
92 136 111.965 99.6513 12.3137
92 136 111.965 99.6513 12.3137
92 137 111.965 100.651 11.3137
92 137 111.965 100.651 11.3137
96 134 111.965 95.4086 16.5563
97 133 111.965 93.9944 17.9706
82 125 111.972 91.1439 20.8284
83 126 111.972 92.5581 19.4142
91 131 111.997 95.098 16.8995
91 131 111.997 95.098 16.8995
83 137 112.023 103.608 8.41421
104 115 112.035 73.7503 38.2843
80 121 112.042 86.385 25.6569
86 104 112.045 70.2163 41.8284
86 104 112.045 70.2163 41.8284
87 103 112.045 68.802 43.2426
83 133 112.073 99.6586 12.4142
96 131 112.086 93.1157 18.9706
106 105 112.086 62.9736 49.1127
106 105 112.086 62.9736 49.1127
106 105 112.086 62.9736 49.1127
94 130 112.119 92.9767 19.1421
103 118 112.156 77.2858 34.8701
103 118 112.156 77.2858 34.8701
79 123 112.163 88.0921 24.0711
79 123 112.163 88.0921 24.0711
97 93 112.202 54.8168 57.3848
98 131 112.208 92.4086 19.799
98 131 112.208 92.4086 19.799
100 130 112.208 89.9944 22.2132
106 110 112.242 68.1289 44.1127
106 110 112.242 68.1289 44.1127
106 110 112.242 68.1289 44.1127
82 126 112.265 92.4368 19.8284
84 107 112.287 74.2873 38
84 107 112.287 74.2873 38
92 99 112.287 62.9736 49.3137
92 99 112.287 62.9736 49.3137
92 97 112.295 60.981 51.3137
80 116 112.308 81.6513 30.6569
80 116 112.308 81.6513 30.6569
87 135 112.315 101.073 11.2426
87 135 112.315 101.073 11.2426
101 95 112.358 55.3168 57.0416
103 119 112.406 78.5358 33.8701
103 119 112.406 78.5358 33.8701
80 120 112.421 85.7637 26.6569
103 125 112.45 84.5802 27.8701
103 125 112.45 84.5802 27.8701
103 125 112.45 84.5802 27.8701
94 136 112.465 98.7371 13.7279
94 136 112.465 98.7371 13.7279
106 113 112.484 71.3716 41.1127
106 113 112.484 71.3716 41.1127
106 113 112.484 71.3716 41.1127
106 113 112.484 71.3716 41.1127
106 114 112.484 72.3716 40.1127
106 114 112.484 72.3716 40.1127
106 115 112.484 73.3716 39.1127
106 115 112.484 73.3716 39.1127
106 116 112.484 74.3716 38.1127
106 116 112.484 74.3716 38.1127
106 116 112.484 74.3716 38.1127
105 117 112.484 75.7858 36.6985
105 117 112.484 75.7858 36.6985
105 118 112.484 76.7858 35.6985
105 118 112.484 76.7858 35.6985
105 119 112.109 77.4108 34.6985
105 119 112.109 77.4108 34.6985
105 120 111.734 78.0358 33.6985
105 120 111.734 78.0358 33.6985
105 121 111.734 79.0358 32.6985
105 121 111.734 79.0358 32.6985
105 121 111.734 79.0358 32.6985
105 122 111.734 80.0358 31.6985
105 122 111.734 80.0358 31.6985
105 122 111.734 80.0358 31.6985
104 123 111.734 81.45 30.2843
104 123 111.734 81.45 30.2843
105 123 111.734 81.0358 30.6985
106 120 112.407 78.2947 34.1127
106 120 112.407 78.2947 34.1127
104 122 112.441 81.1571 31.2843
106 117 112.484 75.3716 37.1127
103 99 112.485 58.6149 53.8701
91 132 112.497 96.598 15.8995
91 132 112.497 96.598 15.8995
91 132 112.497 96.598 15.8995
83 109 112.53 76.1157 36.4142
82 110 112.53 76.7015 35.8284
94 96 112.537 59.3952 53.1421
92 138 112.551 101.651 10.8995
92 138 112.551 101.651 10.8995
106 123 112.563 81.45 31.1127
106 123 112.563 81.45 31.1127
82 134 112.608 100.78 11.8284
82 134 112.608 100.78 11.8284
85 104 112.63 71.2163 41.4142
85 104 112.63 71.2163 41.4142
85 104 112.63 71.2163 41.4142
84 105 112.63 72.6305 40
84 105 112.63 72.6305 40
91 138 112.672 102.773 9.89949
91 137 112.672 101.773 10.8995
105 103 112.672 61.9736 50.6985
84 138 112.694 105.694 7
84 138 112.694 105.694 7
84 138 112.694 105.694 7
85 137 112.73 104.315 8.41421
85 137 112.73 104.315 8.41421
82 136 112.73 102.901 9.82843
82 136 112.73 102.901 9.82843
79 122 112.749 87.6779 25.0711
102 120 112.759 80.3036 32.4558
92 132 112.826 96.5122 16.3137
88 102 112.873 68.2163 44.6569
91 99 112.873 63.9736 48.8995
91 99 112.873 63.9736 48.8995
91 99 112.873 63.9736 48.8995
90 100 112.873 65.3878 47.4853
101 129 112.915 89.2873 23.6274
101 129 112.915 89.2873 23.6274
101 129 112.915 89.2873 23.6274
107 106 112.915 64.3878 48.5269
107 106 112.915 64.3878 48.5269
107 106 112.915 64.3878 48.5269
107 106 112.915 64.3878 48.5269
107 107 112.915 65.3878 47.5269
107 107 112.915 65.3878 47.5269
107 108 112.915 66.3878 46.5269
80 125 112.922 91.2652 21.6569
80 125 112.922 91.2652 21.6569
80 125 112.922 91.2652 21.6569
97 92 112.952 54.5668 58.3848
80 119 112.981 85.3244 27.6569
86 136 112.987 103.159 9.82843
78 124 112.992 89.5064 23.4853
78 124 112.992 89.5064 23.4853
78 124 112.992 89.5064 23.4853
92 135 113.051 99.7371 13.3137
107 111 113.07 69.5432 43.5269
101 94 113.108 55.0668 58.0416
83 108 113.116 75.7015 37.4142
94 131 113.119 94.9767 18.1421
83 132 113.194 99.78 13.4142
84 104 113.216 72.2163 41
107 121 113.236 79.7089 33.5269
107 121 113.236 79.7089 33.5269
91 139 113.258 103.773 9.48528
91 139 113.258 103.773 9.48528
91 139 113.258 103.773 9.48528
105 102 113.258 61.5594 51.6985
107 118 113.313 76.7858 36.5269
107 118 113.313 76.7858 36.5269
107 117 113.313 75.7858 37.5269
107 114 113.313 72.7858 40.5269
87 136 113.315 103.073 10.2426
88 135 113.351 101.694 11.6569
88 135 113.351 101.694 11.6569
89 134 113.351 100.28 13.0711
80 126 113.422 92.7652 20.6569
80 126 113.422 92.7652 20.6569
81 112 113.444 79.2015 34.2426
81 112 113.444 79.2015 34.2426
81 112 113.444 79.2015 34.2426
96 93 113.452 56.481 56.9706
86 103 113.459 70.6305 42.8284
87 102 113.459 69.2163 44.2426
89 100 113.459 66.3878 47.0711
89 100 113.459 66.3878 47.0711
90 99 113.459 64.9736 48.4853
78 125 113.492 91.0064 22.4853
98 132 113.501 94.1157 19.3848
102 127 113.536 88.0802 25.4558
82 138 113.558 105.73 7.82843
83 129 113.608 97.1942 16.4142
83 129 113.608 97.1942 16.4142
108 119 113.611 77.6697 35.9411
108 119 113.611 77.6697 35.9411
101 130 113.622 90.4086 23.2132
92 139 113.637 103.151 10.4853
98 90 113.659 52.8597 60.799
98 90 113.659 52.8597 60.799
102 96 113.687 57.231 56.4558
84 139 113.694 107.694 6
84 139 113.694 107.694 6
83 107 113.702 75.2873 38.4142
97 91 113.702 54.3168 59.3848
92 96 113.709 61.3952 52.3137
92 96 113.709 61.3952 52.3137
108 109 113.743 67.802 45.9411
108 109 113.743 67.802 45.9411
108 108 113.743 66.802 46.9411
81 127 113.801 94.5581 19.2426
79 117 113.844 83.7726 30.0711
79 117 113.844 83.7726 30.0711
79 117 113.844 83.7726 30.0711
104 100 113.844 60.5594 53.2843
104 100 113.844 60.5594 53.2843
101 93 113.858 54.8168 59.0416
104 126 113.864 85.9944 27.8701
104 126 113.864 85.9944 27.8701
104 99 113.899 59.6149 54.2843
109 120 113.909 78.5536 35.3553
109 120 113.909 78.5536 35.3553
109 120 113.909 78.5536 35.3553
109 120 113.909 78.5536 35.3553
80 127 113.922 94.2652 19.6569
85 138 113.937 106.523 7.41421
95 94 113.952 58.3952 55.5563
95 94 113.952 58.3952 55.5563
97 135 113.965 96.8229 17.1421
97 135 113.965 96.8229 17.1421
97 135 113.965 96.8229 17.1421
97 135 113.965 96.8229 17.1421
98 134 113.965 95.4086 18.5563
98 134 113.965 95.4086 18.5563
81 134 114.023 101.78 12.2426
81 134 114.023 101.78 12.2426
83 105 114.045 73.6305 40.4142
83 105 114.045 73.6305 40.4142
86 102 114.045 70.2163 43.8284
88 100 114.045 67.3878 46.6569
94 137 114.051 100.737 13.3137
94 137 114.051 100.737 13.3137
82 139 114.058 107.23 6.82843
82 139 114.058 107.23 6.82843
82 140 114.058 108.23 5.82843
82 140 114.058 108.23 5.82843
83 141 114.058 109.644 4.41421
83 141 114.058 109.644 4.41421
83 141 114.058 109.644 4.41421
83 141 114.058 109.644 4.41421
83 142 114.058 110.644 3.41421
83 142 114.058 110.644 3.41421
83 142 114.058 110.644 3.41421
83 143 114.058 111.644 2.41421
83 143 114.058 111.644 2.41421
83 144 114.058 112.644 1.41421
83 144 114.058 112.644 1.41421
83 144 114.058 112.644 1.41421
95 136 114.086 99.3584 14.7279
81 135 114.144 102.901 11.2426
79 121 114.163 88.0921 26.0711
96 92 114.202 56.231 57.9706
101 131 114.208 91.4086 22.799
101 131 114.208 91.4086 22.799
79 116 114.222 83.1513 31.0711
81 137 114.265 105.023 9.24264
109 119 114.275 77.9197 36.3553
91 96 114.295 62.3952 51.8995
91 96 114.295 62.3952 51.8995
108 106 114.329 65.3878 48.9411
91 140 114.344 105.273 9.07107
91 140 114.344 105.273 9.07107
91 140 114.344 105.273 9.07107
104 127 114.45 86.9944 27.4558
79 126 114.458 93.3866 21.0711
108 111 114.484 70.5432 43.9411
108 111 114.484 70.5432 43.9411
100 90 114.487 52.8597 61.6274
109 121 114.495 79.5536 34.9411
109 121 114.495 79.5536 34.9411
87 137 114.523 105.28 9.24264
87 137 114.523 105.28 9.24264
77 125 114.527 91.6277 22.8995
77 125 114.527 91.6277 22.8995
94 95 114.537 60.3952 54.1421
94 94 114.537 59.3952 55.1421
97 136 114.551 97.8229 16.7279
97 136 114.551 97.8229 16.7279
107 124 114.563 82.8642 31.6985
107 124 114.563 82.8642 31.6985
81 111 114.565 79.3229 35.2426
101 92 114.608 54.5668 60.0416
84 103 114.63 72.6305 42
87 100 114.63 68.3878 46.2426
87 100 114.63 68.3878 46.2426
108 122 114.65 81.1231 33.5269
90 140 114.672 106.601 8.07107
78 118 114.672 85.1868 29.4853
78 118 114.672 85.1868 29.4853
84 140 114.694 109.694 5
82 133 114.73 101.901 12.8284
