83 3 710.018 0 710.018
83 3 710.018 0 710.018
83 3 710.018 0 710.018
83 3 710.018 0 710.018
83 3 710.018 0 710.018
83 3 710.018 0 710.018
84 4 706.414 1.41421 705
84 4 706.414 1.41421 705
84 4 706.414 1.41421 705
84 5 702.414 2.41421 700
84 5 702.414 2.41421 700
83 6 698.846 3.82843 695.018
83 6 698.846 3.82843 695.018
83 6 698.846 3.82843 695.018
83 6 698.846 3.82843 695.018
83 6 698.846 3.82843 695.018
83 7 694.847 4.82843 690.018
83 7 694.847 4.82843 690.018
83 7 694.847 4.82843 690.018
83 8 690.847 5.82843 685.018
83 8 690.847 5.82843 685.018
83 8 690.847 5.82843 685.018
83 9 686.847 6.82843 680.018
83 9 686.847 6.82843 680.018
83 10 682.847 7.82843 675.019
83 10 682.847 7.82843 675.019
83 10 682.847 7.82843 675.019
83 11 678.847 8.82843 670.019
83 11 678.847 8.82843 670.019
83 11 678.847 8.82843 670.019
83 12 674.847 9.82843 665.019
82 13 671.318 11.2426 660.076
82 13 671.318 11.2426 660.076
82 13 671.318 11.2426 660.076
82 13 671.318 11.2426 660.076
82 13 671.318 11.2426 660.076
82 14 667.319 12.2426 655.076
82 15 663.32 13.2426 650.077
82 15 663.32 13.2426 650.077
82 15 663.32 13.2426 650.077
82 16 659.32 14.2426 645.078
82 16 659.32 14.2426 645.078
82 16 659.32 14.2426 645.078
82 17 655.321 15.2426 640.078
82 17 655.321 15.2426 640.078
82 18 651.321 16.2426 635.079
82 18 651.321 16.2426 635.079
82 18 651.321 16.2426 635.079
82 19 647.322 17.2426 630.079
82 19 647.322 17.2426 630.079
82 20 643.323 18.2426 625.08
82 20 643.323 18.2426 625.08
82 20 643.323 18.2426 625.08
82 21 639.323 19.2426 620.081
82 21 639.323 19.2426 620.081
82 21 639.323 19.2426 620.081
83 22 635.677 20.6569 615.02
83 22 635.677 20.6569 615.02
83 22 635.677 20.6569 615.02
83 23 631.677 21.6569 610.02
83 23 631.677 21.6569 610.02
83 24 628.178 23.1569 605.021
83 24 628.178 23.1569 605.021
83 24 628.178 23.1569 605.021
83 25 624.678 24.6569 600.021
83 25 624.678 24.6569 600.021
83 25 624.678 24.6569 600.021
83 26 620.678 25.6569 595.021
83 26 620.678 25.6569 595.021
83 26 620.678 25.6569 595.021
84 27 617.071 27.0711 590
84 27 617.071 27.0711 590
84 27 617.071 27.0711 590
84 27 617.071 27.0711 590
84 27 617.071 27.0711 590
84 28 613.071 28.0711 585
85 29 609.507 29.4853 580.022
85 29 609.507 29.4853 580.022
85 29 609.507 29.4853 580.022
85 29 609.507 29.4853 580.022
84 30 605.899 30.8995 575
84 30 605.899 30.8995 575
84 30 605.899 30.8995 575
84 30 605.899 30.8995 575
84 31 601.899 31.8995 570
84 31 601.899 31.8995 570
83 32 598.336 33.3137 565.022
83 32 598.336 33.3137 565.022
83 32 598.336 33.3137 565.022
83 32 598.336 33.3137 565.022
82 33 594.817 34.7279 560.089
82 33 594.817 34.7279 560.089
82 33 594.817 34.7279 560.089
82 33 594.817 34.7279 560.089
82 33 594.817 34.7279 560.089
82 34 591.318 36.2279 555.09
82 34 591.318 36.2279 555.09
82 34 591.318 36.2279 555.09
82 35 587.819 37.7279 550.091
82 35 587.819 37.7279 550.091
82 35 587.819 37.7279 550.091
83 36 584.165 39.1421 545.023
83 36 584.165 39.1421 545.023
83 36 584.165 39.1421 545.023
83 36 584.165 39.1421 545.023
83 37 580.165 40.1421 540.023
83 37 580.165 40.1421 540.023
83 37 580.165 40.1421 540.023
83 38 576.165 41.1421 535.023
83 38 576.165 41.1421 535.023
83 39 572.166 42.1421 530.024
83 39 572.166 42.1421 530.024
83 39 572.166 42.1421 530.024
83 40 568.166 43.1421 525.024
84 41 564.556 44.5563 520
84 41 564.556 44.5563 520
84 41 564.556 44.5563 520
84 41 564.556 44.5563 520
83 42 560.995 45.9706 515.024
83 42 560.995 45.9706 515.024
83 42 560.995 45.9706 515.024
83 42 560.995 45.9706 515.024
83 43 556.995 46.9706 510.024
82 44 553.484 48.3848 505.099
82 44 553.484 48.3848 505.099
82 44 553.484 48.3848 505.099
82 44 553.484 48.3848 505.099
82 44 553.484 48.3848 505.099
82 45 549.485 49.3848 500.1
82 45 549.485 49.3848 500.1
82 46 545.486 50.3848 495.101
81 47 542.029 51.799 490.23
81 47 542.029 51.799 490.23
80 48 538.625 53.2132 485.412
80 48 538.625 53.2132 485.412
80 48 538.625 53.2132 485.412
80 48 538.625 53.2132 485.412
80 48 538.625 53.2132 485.412
81 49 534.862 54.6274 480.234
81 49 534.862 54.6274 480.234
81 49 534.862 54.6274 480.234
80 50 531.463 56.0416 475.421
80 50 531.463 56.0416 475.421
80 50 531.463 56.0416 475.421
80 50 531.463 56.0416 475.421
80 51 527.467 57.0416 470.425
80 51 527.467 57.0416 470.425
80 52 523.472 58.0416 465.43
80 52 523.472 58.0416 465.43
80 52 523.472 58.0416 465.43
80 53 519.476 59.0416 460.435
80 53 519.476 59.0416 460.435
80 53 519.476 59.0416 460.435
80 54 515.481 60.0416 455.439
81 55 511.706 61.4558 450.25
81 55 511.706 61.4558 450.25
81 55 511.706 61.4558 450.25
81 55 511.706 61.4558 450.25
81 55 511.706 61.4558 450.25
81 56 507.709 62.4558 445.253
81 56 507.709 62.4558 445.253
81 57 503.711 63.4558 440.256
81 57 503.711 63.4558 440.256
81 58 499.714 64.4558 435.259
81 58 499.714 64.4558 435.259
82 59 495.986 65.8701 430.116
82 59 495.986 65.8701 430.116
83 60 492.314 67.2843 425.029
83 60 492.314 67.2843 425.029
83 60 492.314 67.2843 425.029
83 61 488.314 68.2843 420.03
83 61 488.314 68.2843 420.03
83 61 488.314 68.2843 420.03
83 62 484.814 69.7843 415.03
83 62 484.814 69.7843 415.03
83 63 481.815 71.7843 410.03
83 63 481.815 71.7843 410.03
83 63 481.815 71.7843 410.03
83 64 478.315 73.2843 405.031
83 64 478.315 73.2843 405.031
83 65 474.816 74.7843 400.031
83 65 474.816 74.7843 400.031
83 66 471.316 76.2843 395.032
83 66 471.316 76.2843 395.032
83 66 471.316 76.2843 395.032
84 67 467.698 77.6985 390
84 67 467.698 77.6985 390
84 67 467.698 77.6985 390
84 67 467.698 77.6985 390
84 68 464.198 79.1985 385
84 68 464.198 79.1985 385
84 68 464.198 79.1985 385
84 69 460.698 80.6985 380
84 69 460.698 80.6985 380
84 69 460.698 80.6985 380
84 70 456.698 81.6985 375
84 70 456.698 81.6985 375
84 71 453.198 83.1985 370
84 71 453.198 83.1985 370
84 71 453.198 83.1985 370
84 72 449.698 84.6985 365
84 72 449.698 84.6985 365
84 72 449.698 84.6985 365
83 73 446.147 86.1127 360.035
83 73 446.147 86.1127 360.035
83 73 446.147 86.1127 360.035
83 73 446.147 86.1127 360.035
84 74 442.527 87.5269 355
84 74 442.527 87.5269 355
84 74 442.527 87.5269 355
84 74 442.527 87.5269 355
84 75 439.027 89.0269 350
84 75 439.027 89.0269 350
84 76 436.027 91.0269 345
84 76 436.027 91.0269 345
84 76 436.027 91.0269 345
84 77 432.527 92.5269 340
83 78 429.686 94.6482 335.037
83 78 429.686 94.6482 335.037
83 78 429.686 94.6482 335.037
84 79 427.477 97.4767 330
84 79 427.477 97.4767 330
84 79 427.477 97.4767 330
84 79 427.477 97.4767 330
84 80 424.477 99.4767 325
84 80 424.477 99.4767 325
83 81 422.344 102.305 320.039
83 81 422.344 102.305 320.039
83 81 422.344 102.305 320.039
83 81 422.344 102.305 320.039
83 82 419.345 104.305 315.04
83 82 419.345 104.305 315.04
84 83 416.426 106.426 310
84 83 416.426 106.426 310
84 83 416.426 106.426 310
84 83 416.426 106.426 310
84 83 416.426 106.426 310
84 84 412.426 107.426 305
84 84 412.426 107.426 305
84 85 408.426 108.426 300
84 85 408.426 108.426 300
83 86 404.883 109.841 295.042
83 86 404.883 109.841 295.042
83 86 404.883 109.841 295.042
83 86 404.883 109.841 295.042
83 87 400.884 110.841 290.043
83 87 400.884 110.841 290.043
83 88 396.884 111.841 285.044
83 88 396.884 111.841 285.044
83 88 396.884 111.841 285.044
84 89 393.255 113.255 280
84 89 393.255 113.255 280
84 89 393.255 113.255 280
84 89 393.255 113.255 280
84 89 393.255 113.255 280
84 90 389.255 114.255 275
84 90 389.255 114.255 275
84 90 389.255 114.255 275
84 91 385.255 115.255 270
85 92 381.716 116.669 265.047
85 92 381.716 116.669 265.047
85 92 381.716 116.669 265.047
85 92 381.716 116.669 265.047
85 93 377.717 117.669 260.048
85 93 377.717 117.669 260.048
85 94 373.718 118.669 255.049
85 94 373.718 118.669 255.049
85 94 373.718 118.669 255.049
85 95 369.719 119.669 250.05
85 95 369.719 119.669 250.05
85 95 369.719 119.669 250.05
85 96 365.72 120.669 245.051
85 96 365.72 120.669 245.051
85 97 361.721 121.669 240.052
84 98 358.083 123.083 235
84 98 358.083 123.083 235
84 98 358.083 123.083 235
84 98 358.083 123.083 235
84 99 354.083 124.083 230
84 99 354.083 124.083 230
83 100 350.553 125.497 225.056
83 100 350.553 125.497 225.056
83 100 350.553 125.497 225.056
83 100 350.553 125.497 225.056
83 101 346.554 126.497 220.057
83 101 346.554 126.497 220.057
83 102 342.556 127.497 215.058
83 102 342.556 127.497 215.058
83 102 342.556 127.497 215.058
83 103 338.557 128.497 210.06
83 103 338.557 128.497 210.06
83 103 338.557 128.497 210.06
83 104 334.558 129.497 205.061
83 104 334.558 129.497 205.061
83 104 334.558 129.497 205.061
83 105 330.56 130.497 200.062
83 105 330.56 130.497 200.062
83 105 330.56 130.497 200.062
83 106 326.562 131.497 195.064
83 106 326.562 131.497 195.064
83 106 326.562 131.497 195.064
83 107 322.563 132.497 190.066
83 107 322.563 132.497 190.066
83 107 322.563 132.497 190.066
83 108 318.565 133.497 185.068
83 108 318.565 133.497 185.068
83 108 318.565 133.497 185.068
83 109 314.567 134.497 180.069
83 109 314.567 134.497 180.069
83 109 314.567 134.497 180.069
83 110 310.569 135.497 175.071
83 110 310.569 135.497 175.071
83 110 310.569 135.497 175.071
83 111 306.571 136.497 170.074
83 111 306.571 136.497 170.074
83 111 306.571 136.497 170.074
83 112 302.573 137.497 165.076
83 112 302.573 137.497 165.076
83 113 299.076 138.997 160.078
83 113 299.076 138.997 160.078
83 113 299.076 138.997 160.078
83 114 295.578 140.497 155.081
82 115 292.952 142.619 150.333
82 115 292.952 142.619 150.333
82 115 292.952 142.619 150.333
82 115 292.952 142.619 150.333
82 116 289.963 144.619 145.344
82 116 289.963 144.619 145.344
82 117 286.975 146.619 140.357
82 117 286.975 146.619 140.357
82 117 286.975 146.619 140.357
83 118 283.833 148.74 135.093
83 118 283.833 148.74 135.093
83 118 283.833 148.74 135.093
83 118 283.833 148.74 135.093
83 118 283.833 148.74 135.093
83 119 279.586 149.49 130.096
83 119 279.586 149.49 130.096
84 120 275.551 150.551 125
84 120 275.551 150.551 125
84 120 275.551 150.551 125
84 120 275.551 150.551 125
84 120 275.551 150.551 125
84 121 271.551 151.551 120
84 121 271.551 151.551 120
84 121 271.551 151.551 120
84 122 267.551 152.551 115
84 122 267.551 152.551 115
84 122 267.551 152.551 115
84 123 263.551 153.551 110
84 123 263.551 153.551 110
83 124 260.791 155.672 105.119
83 124 260.791 155.672 105.119
83 124 260.791 155.672 105.119
83 124 260.791 155.672 105.119
83 124 260.791 155.672 105.119
84 125 257.793 157.793 100
84 125 257.793 157.793 100
84 125 257.793 157.793 100
84 125 257.793 157.793 100
84 126 254.293 159.293 95
84 126 254.293 159.293 95
84 127 250.793 160.793 90
84 127 250.793 160.793 90
83 128 248.062 162.915 85.1469
83 128 248.062 162.915 85.1469
83 128 248.062 162.915 85.1469
83 128 248.062 162.915 85.1469
83 129 244.571 164.415 80.1561
83 129 244.571 164.415 80.1561
83 129 244.571 164.415 80.1561
83 130 241.081 165.915 75.1665
83 130 241.081 165.915 75.1665
84 131 238.743 168.743 70
84 131 238.743 168.743 70
84 131 238.743 168.743 70
84 131 238.743 168.743 70
84 131 238.743 168.743 70
84 132 235.743 170.743 65
84 132 235.743 170.743 65
84 132 235.743 170.743 65
84 133 232.743 172.743 60
84 133 232.743 172.743 60
83 134 230.091 174.864 55.2268
83 134 230.091 174.864 55.2268
83 134 230.091 174.864 55.2268
83 134 230.091 174.864 55.2268
83 135 226.114 175.864 50.2494
83 135 226.114 175.864 50.2494
83 135 226.114 175.864 50.2494
84 136 222.279 177.279 45
84 136 222.279 177.279 45
84 136 222.279 177.279 45
84 136 222.279 177.279 45
84 136 222.279 177.279 45
84 137 218.779 178.779 40
84 137 218.779 178.779 40
84 137 218.779 178.779 40
84 138 215.779 180.779 35
84 138 215.779 180.779 35
84 138 215.779 180.779 35
84 139 212.779 182.779 30
84 139 212.779 182.779 30
84 140 209.779 184.779 25
84 140 209.779 184.779 25
84 140 209.779 184.779 25
84 141 206.779 186.779 20
84 141 206.779 186.779 20
84 141 206.779 186.779 20
84 142 203.779 188.779 15
84 142 203.779 188.779 15
84 142 203.779 188.779 15
84 143 200.779 190.779 10
84 143 200.779 190.779 10
84 143 200.779 190.779 10
84 144 197.779 192.779 5
84 144 197.779 192.779 5
84 144 197.779 192.779 5
