84 145 114.765 114.765 0
83 144 114.058 112.644 1.41421
83 143 114.058 111.644 2.41421
83 142 114.058 110.644 3.41421
83 141 114.058 109.644 4.41421
82 140 114.058 108.23 5.82843
82 139 114.058 107.23 6.82843
82 138 113.558 105.73 7.82843
83 137 112.023 103.608 8.41421
84 136 111.194 102.194 9
83 135 111.194 100.78 10.4142
83 134 111.194 99.78 11.4142
84 133 109.659 97.6586 12
85 132 108.952 95.5373 13.4142
85 131 108.952 94.5373 14.4142
86 130 108.952 93.1231 15.8284
86 129 108.452 91.6231 16.8284
86 128 107.952 90.1231 17.8284
87 127 107.952 88.7089 19.2426
87 126 107.952 87.7089 20.2426
87 125 107.952 86.7089 21.2426
87 124 107.952 85.7089 22.2426
87 123 107.952 84.7089 23.2426
88 122 107.952 83.2947 24.6569
88 121 107.452 81.7947 25.6569
89 120 106.744 79.6734 27.0711
90 119 107.098 78.6127 28.4853
91 119 107.137 78.2377 28.8995
92 119 107.176 77.8627 29.3137
93 118 107.53 76.802 30.7279
93 117 107.53 75.802 31.7279
94 116 107.53 74.3878 33.1421
94 115 107.03 72.8878 34.1421
94 114 106.53 71.3878 35.1421
95 113 106.53 69.9736 36.5563
95 112 106.53 68.9736 37.5563
96 111 106.53 67.5594 38.9706
96 110 106.53 66.5594 39.9706
96 109 106.53 65.5594 40.9706
96 108 106.53 64.5594 41.9706
97 107 106.53 63.1452 43.3848
97 106 106.53 62.1452 44.3848
97 105 106.53 61.1452 45.3848
97 104 106.53 60.1452 46.3848
96 103 105.702 58.731 46.9706
96 102 105.702 57.731 47.9706
97 101 105.702 56.3168 49.3848
98 100 105.702 54.9025 50.799
99 99 106.232 54.0187 52.2132
99 98 106.982 53.7687 53.2132
99 97 107.732 53.5187 54.2132
99 96 108.482 53.2687 55.2132
99 95 109.232 53.0187 56.2132
99 94 109.982 52.7687 57.2132
99 93 110.732 52.5187 58.2132
99 92 111.482 52.2687 59.2132
99 91 112.232 52.0187 60.2132
99 90 112.857 51.6437 61.2132
99 89 113.482 51.2687 62.2132
99 88 114.107 50.8937 63.2132
99 87 114.607 50.3937 64.2132
99 86 115.232 50.0187 65.2132
99 85 115.857 49.6437 66.2132
99 84 116.357 49.1437 67.2132
99 83 116.982 48.7687 68.2132
99 82 117.607 48.3937 69.2132
99 81 118.107 47.8937 70.2132
99 80 118.607 47.3937 71.2132
99 79 119.232 47.0187 72.2132
99 78 119.982 46.7687 73.2132
99 77 120.732 46.5187 74.2132
99 76 121.482 46.2687 75.2132
99 75 122.107 45.8937 76.2132
99 74 122.732 45.5187 77.2132
99 73 123.482 45.2687 78.2132
99 72 124.232 45.0187 79.2132
99 71 124.982 44.7687 80.2132
99 70 125.732 44.5187 81.2132
99 69 126.482 44.2687 82.2132
99 68 127.232 44.0187 83.2132
99 67 127.857 43.6437 84.2132
99 66 128.482 43.2687 85.2132
99 65 129.232 43.0187 86.2132
99 64 129.982 42.7687 87.2132
99 63 130.732 42.5187 88.2132
99 62 131.482 42.2687 89.2132
99 61 132.232 42.0187 90.2132
99 60 132.982 41.7687 91.2132
99 59 133.732 41.5187 92.2132
99 58 134.482 41.2687 93.2132
99 57 135.232 41.0187 94.2132
99 56 135.982 40.7687 95.2132
99 55 136.732 40.5187 96.2132
99 54 137.482 40.2687 97.2132
99 53 138.232 40.0187 98.2132
99 52 138.982 39.7687 99.2132
99 51 139.732 39.5187 100.213
99 50 140.482 39.2687 101.213
99 49 141.232 39.0187 102.213
99 48 141.982 38.7687 103.213
99 47 142.732 38.5187 104.213
99 46 143.482 38.2687 105.213
99 45 144.232 38.0187 106.213
99 44 144.982 37.7687 107.213
99 43 145.732 37.5187 108.213
99 42 146.482 37.2687 109.213
99 41 147.232 37.0187 110.213
99 40 147.982 36.7687 111.213
99 39 148.732 36.5187 112.213
99 38 149.482 36.2687 113.213
99 37 150.232 36.0187 114.213
99 36 150.982 35.7687 115.213
99 35 151.732 35.5187 116.213
99 34 152.482 35.2687 117.213
99 33 153.232 35.0187 118.213
99 32 153.982 34.7687 119.213
99 31 154.732 34.5187 120.213
99 30 155.482 34.2687 121.213
98 29 155.184 33.3848 121.799
97 28 154.355 31.9706 122.385
97 27 154.355 30.9706 123.385
96 26 153.527 29.5563 123.971
95 25 152.698 28.1421 124.556
94 25 151.284 27.1421 124.142
93 24 150.456 25.7279 124.728
93 23 150.456 24.7279 125.728
93 22 150.456 23.7279 126.728
93 21 150.456 22.7279 127.728
92 20 149.627 21.3137 128.314
91 19 148.799 19.8995 128.899
90 19 147.385 18.8995 128.485
89 18 146.556 17.4853 129.071
88 17 145.728 16.0711 129.657
87 16 144.899 14.6569 130.243
87 15 144.899 13.6569 131.243
87 14 144.899 12.6569 132.243
87 13 144.899 11.6569 133.243
87 12 144.899 10.6569 134.243
86 11 144.071 9.24264 134.828
86 10 144.071 8.24264 135.828
86 9 144.071 7.24264 136.828
86 8 144.071 6.24264 137.828
86 7 144.071 5.24264 138.828
85 6 143.243 3.82843 139.414
84 5 142.414 2.41421 140
84 4 142.414 1.41421 141
83 3 35.5009 0 35.5009
