1 148 149.501 149.501 0
1 147 149.501 148.501 1
1 146 149.501 147.501 2
2 145 150.086 146.086 4
1 144 148.672 144.672 4
1 143 148.672 143.672 5
1 142 148.672 142.672 6
0 141 149.258 141.258 8
1 140 147.844 139.844 8
1 139 147.844 138.844 9
1 138 147.844 137.844 10
1 137 147.844 136.844 11
1 136 147.844 135.844 12
1 135 147.844 134.844 13
1 134 147.844 133.844 14
1 133 147.844 132.844 15
0 132 148.429 131.429 17
1 131 147.015 130.015 17
0 130 147.601 128.601 19
1 129 146.187 127.187 19
1 128 146.187 126.187 20
1 127 146.187 125.187 21
0 126 146.773 123.773 23
1 125 145.358 122.358 23
1 124 145.358 121.358 24
1 123 145.358 120.358 25
1 122 145.358 119.358 26
1 121 145.358 118.358 27
1 120 145.358 117.358 28
1 119 145.733 116.733 29
1 118 146.108 116.108 30
0 117 146.694 114.694 32
0 116 146.694 113.694 33
0 115 146.694 112.694 34
1 114 145.28 111.28 34
1 113 145.28 110.28 35
1 112 145.28 109.28 36
1 111 145.28 108.28 37
1 110 145.28 107.28 38
1 109 145.28 106.28 39
0 108 145.866 104.866 41
1 107 144.452 103.452 41
1 106 144.452 102.452 42
1 105 144.452 101.452 43
1 104 144.452 100.452 44
1 103 144.452 99.4515 45
1 102 144.452 98.4515 46
1 101 144.452 97.4515 47
1 100 144.452 96.4515 48
1 99 144.452 95.4515 49
1 98 144.452 94.4515 50
1 97 144.452 93.4515 51
1 96 144.452 92.4515 52
0 95 145.037 91.0373 54
1 94 143.623 89.6231 54
0 93 144.209 88.2089 56
1 92 142.795 86.7947 56
1 91 142.795 85.7947 57
1 90 142.795 84.7947 58
1 89 142.795 83.7947 59
1 88 142.795 82.7947 60
1 87 142.795 81.7947 61
1 86 142.795 80.7947 62
1 85 142.795 79.7947 63
1 84 142.795 78.7947 64
1 83 142.795 77.7947 65
2 82 143.38 76.3805 67
2 81 143.38 75.3805 68
1 80 141.966 73.9663 68
1 79 141.966 72.9663 69
1 78 141.966 71.9663 70
1 77 141.966 70.9663 71
1 76 141.966 69.9663 72
1 75 141.966 68.9663 73
1 74 141.966 67.9663 74
1 73 141.966 66.9663 75
1 72 141.966 65.9663 76
1 71 141.966 64.9663 77
1 70 141.966 63.9663 78
1 69 141.966 62.9663 79
0 68 142.552 61.552 81
1 67 141.138 60.1378 81
1 66 141.138 59.1378 82
1 65 141.138 58.1378 83
1 64 141.138 57.1378 84
1 63 141.138 56.1378 85
1 62 141.138 55.1378 86
1 61 141.138 54.1378 87
1 60 141.138 53.1378 88
1 59 141.138 52.1378 89
1 58 141.138 51.1378 90
1 57 141.138 50.1378 91
1 56 141.138 49.1378 92
1 55 141.138 48.1378 93
1 54 141.138 47.1378 94
0 53 141.724 45.7236 96
1 52 140.309 44.3094 96
0 51 140.895 42.8952 98
1 50 139.481 41.481 98
1 49 139.481 40.481 99
1 48 139.481 39.481 100
1 47 139.481 38.481 101
1 46 139.481 37.481 102
2 45 140.067 36.0668 104
3 44 140.653 34.6525 106
3 43 140.653 33.6525 107
3 42 140.653 32.6525 108
4 41 141.238 31.2383 110
5 40 141.824 29.8241 112
4 39 140.94 28.9402 112
3 39 139.69 28.6902 111
2 39 138.44 28.4402 110
1 38 137.556 27.5563 110
1 37 137.556 26.5563 111
1 36 137.556 25.5563 112
1 35 137.556 24.5563 113
1 34 137.556 23.5563 114
1 33 137.556 22.5563 115
0 32 138.142 21.1421 117
1 31 136.728 19.7279 117
1 30 136.728 18.7279 118
1 29 136.728 17.7279 119
1 28 136.728 16.7279 120
1 27 136.728 15.7279 121
1 26 136.728 14.7279 122
0 25 137.314 13.3137 124
0 24 137.314 12.3137 125
1 23 135.899 10.8995 125
0 22 136.485 9.48528 127
1 21 135.071 8.07107 127
1 20 135.071 7.07107 128
2 19 135.657 5.65685 130
3 18 136.243 4.24264 132
4 17 136.828 2.82843 134
3 16 135.414 1.41421 134
4 15 33.2585 0 33.2585
