84 145 207.362 207.362 0
83 144 225.241 205.241 20
82 143 218.12 203.12 15
81 142 210.998 200.998 10
80 141 203.877 198.877 5
79 140 196.756 196.756 0
78 139 199.634 194.634 5
77 138 202.513 192.513 10
76 137 205.392 190.392 15
75 136 208.27 188.27 20
75 135 211.77 186.77 25
74 134 213.942 183.942 30
73 133 216.113 181.113 35
72 132 218.285 178.285 40
71 132 216.785 176.785 40
70 131 219.664 174.664 45
69 130 221.835 171.835 50
68 129 224.714 169.714 55
67 128 228.3 168.3 60
66 127 201.886 166.886 35
65 127 200.886 165.886 35
64 126 194.471 164.471 30
63 125 188.057 163.057 25
62 124 181.643 161.643 20
61 123 175.229 160.229 15
60 122 168.814 158.814 10
59 121 162.4 157.4 5
59 120 156.4 156.4 0
58 119 160.516 155.516 5
57 118 164.633 154.633 10
56 117 168.218 153.218 15
56 116 172.218 152.218 20
55 115 175.804 150.804 25
54 115 174.804 149.804 25
53 114 178.39 148.39 30
52 113 182.506 147.506 35
51 113 186.881 146.881 40
50 112 190.997 145.997 45
49 111 195.113 145.113 50
48 111 199.113 144.113 55
47 110 217.699 142.699 75
46 109 211.285 141.285 70
45 108 204.871 139.871 65
44 107 198.456 138.456 60
44 106 192.456 137.456 55
43 105 186.042 136.042 50
42 104 179.628 134.628 45
41 103 173.214 133.214 40
41 102 167.214 132.214 35
41 101 166.214 131.214 35
41 100 165.214 130.214 35
40 99 159.33 129.33 30
39 98 153.446 128.446 25
38 97 147.032 127.032 20
37 96 140.618 125.618 15
36 95 134.203 124.203 10
35 94 127.789 122.789 5
36 93 131.375 121.375 10
37 92 134.961 119.961 15
38 91 138.546 118.546 20
39 90 142.132 117.132 25
40 89 145.718 115.718 30
41 88 149.304 114.304 35
41 87 153.304 113.304 40
42 86 156.89 111.89 45
43 85 160.475 110.475 50
44 84 164.061 109.061 55
45 84 163.061 108.061 55
46 83 166.647 106.647 60
47 82 170.233 105.233 65
48 81 173.819 103.819 70
48 80 177.819 102.819 75
49 79 181.404 101.404 80
50 79 180.404 100.404 80
51 78 183.99 98.9901 85
52 77 187.576 97.5759 90
52 76 191.576 96.5759 95
53 75 195.162 95.1617 100
54 74 198.747 93.7475 105
55 73 202.333 92.3333 110
56 72 205.919 90.919 115
57 72 204.919 89.919 115
58 71 208.505 88.5048 120
58 70 212.505 87.5048 125
59 69 216.091 86.0906 130
60 68 219.676 84.6764 135
61 68 218.676 83.6764 135
62 67 222.262 82.2622 140
63 66 225.848 80.848 145
64 65 229.434 79.4338 150
65 64 233.02 78.0196 155
66 63 236.605 76.6053 160
67 63 240.605 75.6053 165
68 62 244.191 74.1911 170
68 61 243.191 73.1911 170
69 60 246.777 71.7769 175
69 59 251.152 71.1519 180
69 58 255.527 70.5269 185
69 57 259.527 69.5269 190
70 56 263.113 68.1127 195
70 55 267.113 67.1127 200
70 54 271.113 66.1127 205
70 53 275.113 65.1127 210
71 52 278.698 63.6985 215
71 51 282.698 62.6985 220
71 50 286.698 61.6985 225
71 49 290.698 60.6985 230
71 48 294.698 59.6985 235
71 47 298.698 58.6985 240
71 46 302.698 57.6985 245
72 45 306.284 56.2843 250
73 44 309.163 54.163 255
72 43 312.042 52.0416 260
72 42 315.542 50.5416 265
72 41 319.042 49.0416 270
72 40 322.542 47.5416 275
72 39 326.042 46.0416 280
73 38 329.627 44.6274 285
74 37 333.213 43.2132 290
75 36 336.799 41.799 295
75 35 340.299 40.299 300
76 34 343.178 38.1777 305
77 33 346.763 36.7635 310
78 32 350.349 35.3492 315
79 31 353.935 33.935 320
80 30 357.521 32.5208 325
80 29 361.021 31.0208 330
81 28 363.899 28.8995 335
80 27 367.485 27.4853 340
80 26 371.485 26.4853 345
80 25 375.485 25.4853 350
79 24 379.071 24.0711 355
80 23 381.95 21.9497 360
81 22 384.828 19.8284 365
82 21 388.414 18.4142 370
82 20 392.414 17.4142 375
82 19 396.414 16.4142 380
82 18 400.414 15.4142 385
82 17 404.414 14.4142 390
82 16 408.414 13.4142 395
82 15 412.414 12.4142 400
82 14 416.414 11.4142 405
82 13 420.414 10.4142 410
82 12 424.414 9.41421 415
82 11 428.414 8.41421 420
82 10 432.414 7.41421 425
82 9 436.414 6.41421 430
82 8 440.414 5.41421 435
82 7 444.414 4.41421 440
82 6 448.414 3.41421 445
82 5 452.414 2.41421 450
82 4 456.414 1.41421 455
83 3 460 0 460
