200.069 141 458
198.826 142 447
171.183 148 444
204.084 144 525
165.522 135 454
226.464 148 486
163.977 145 406
195.702 141 497
210.269 141 534
164.477 150 453
196.322 140 493
178.144 132 464
206.073 141 475
174.345 152 477
218.358 153 518
183.61 141 471
167.91 141 422
183.116 139 445
174.638 139 438
180.829 132 457
193.325 134 437
177.492 134 412
206.794 158 542
212.842 146 451
191.246 142 428
205.908 148 477
149.501 135 358
204.585 156 494
202.769 135 463
185.696 131 459
196.322 140 493
178.144 132 464
206.073 141 475
174.345 152 477
218.358 153 518
183.61 141 471
167.91 141 422
183.116 139 445
174.638 139 438
180.829 132 457
193.325 134 437
177.492 134 412
206.794 158 542
212.842 146 451
191.246 142 428
205.908 148 477
149.501 135 358
204.585 156 494
202.769 135 463
185.696 131 459
