113.918 179 14701
103.514 150 11837
102.385 212 13030
85.5845 222 10074
92.163 173 10951
105.96 175 10452
82.268 156 4640
104.098 180 13458
95.4678 232 10432
97.4411 213 11111
123.776 184 15638
145.742 204 15262
107.977 177 12208
80.9145 163 7413
146.119 211 13645
145.813 202 15629
152.285 197 15017
153.647 137 15000
154.455 139 14031
103.144 153 13297
134.038 138 15294
124.694 203 15039
105.592 192 7767
130.188 195 14942
123.046 142 14139
144.446 284 15549
116.573 144 12838
149.274 254 15596
113.268 214 13450
111.781 174 13990
123.776 184 15638
145.742 204 15262
107.977 177 12208
80.9145 163 7413
146.119 211 13645
145.813 202 15629
152.285 197 15017
153.647 137 15000
154.455 139 14031
103.144 153 13297
134.038 138 15294
124.694 203 15039
105.592 192 7767
130.188 195 14942
123.046 142 14139
144.446 284 15549
116.573 144 12838
149.274 254 15596
113.268 214 13450
111.781 174 13990
