163.181 154 11392
166.066 148 11344
161.819 150 9780
212.279 187 7889
168.868 139 6953
182.403 156 10439
153.532 149 7175
187.437 153 7607
171.526 145 6089
155.316 151 8625
166.661 159 14157
158.585 133 11722
170.411 175 9601
154.902 157 5315
198.083 157 10741
166.816 149 13170
176.263 143 11364
162.971 142 10411
178.269 140 10051
115.478 144 8068
156.103 138 6548
168.314 138 10118
176.563 167 12103
189.61 152 10540
160.981 145 5819
197.664 158 7483
147.179 134 2840
184.017 161 10264
172.027 154 10990
177.325 140 9852
166.661 159 14157
158.585 133 11722
170.411 175 9601
154.902 157 5315
198.083 157 10741
166.816 149 13170
176.263 143 11364
162.971 142 10411
178.269 140 10051
115.478 144 8068
156.103 138 6548
168.314 138 10118
176.563 167 12103
189.61 152 10540
160.981 145 5819
197.664 158 7483
147.179 134 2840
184.017 161 10264
172.027 154 10990
177.325 140 9852
