168.052 142 1398
171.78 144 1170
162.762 148 559
126.955 189 1034
144.322 144 532
161.986 151 846
152.777 144 384
154.582 156 710
158.011 141 443
157.552 151 431
174.585 145 1242
145.747 132 392
152.227 141 414
125.21 161 594
177.669 154 611
162.734 145 582
153.157 141 438
158.462 137 729
163.111 140 676
108.458 152 2397
159.665 140 1372
146.409 134 501
189.763 162 716
158.341 146 447
138.592 143 651
184.951 151 2123
138.895 134 340
172.672 164 1948
170.555 146 1776
144.583 132 400
174.585 145 1242
145.747 132 392
152.227 141 414
125.21 161 594
177.669 154 611
162.734 145 582
153.157 141 438
158.462 137 729
163.111 140 676
108.458 152 2397
159.665 140 1372
146.409 134 501
189.763 162 716
158.341 146 447
138.592 143 651
184.951 151 2123
138.895 134 340
172.672 164 1948
170.555 146 1776
144.583 132 400
