183.968 142 1967
182.519 143 1811
171.183 148 550
156.804 159 572
165.522 135 469
119.336 149 792
163.977 145 418
181.858 141 624
156.224 141 644
140.268 150 461
182.951 141 618
167.97 132 743
182.452 140 1048
102.137 153 467
192.358 154 870
179.918 142 712
164.496 141 466
171.909 139 613
169.431 139 576
112.894 136 634
170.564 134 871
161.595 134 1072
177.337 160 646
187.767 147 1182
163.345 142 1307
179.883 152 1128
149.501 135 373
201.378 159 1068
178.412 136 709
168.928 132 868
182.951 141 618
167.97 132 743
182.452 140 1048
102.137 153 467
192.358 154 870
179.918 142 712
164.496 141 466
171.909 139 613
169.431 139 576
112.894 136 634
170.564 134 871
161.595 134 1072
177.337 160 646
187.767 147 1182
163.345 142 1307
179.883 152 1128
149.501 135 373
201.378 159 1068
178.412 136 709
168.928 132 868
