113.918 179 14251
103.514 150 11340
102.385 212 12600
85.5845 222 9221
95.163 173 11018
105.96 175 10024
82.268 156 4498
106.441 184 13399
95.4678 232 9469
97.4411 213 10644
125.215 186 15615
145.085 208 15162
107.977 177 11904
80.9145 163 7035
146.119 211 13359
145.156 206 15582
152.285 197 14950
153.647 137 14762
154.455 139 13430
103.144 153 13234
134.83 136 15261
124.694 203 14938
105.592 192 7484
130.188 195 14842
123.046 142 13747
144.824 179 15413
116.737 143 11623
149.274 254 15511
113.268 214 13103
113.049 174 13835
125.215 186 15615
145.085 208 15162
107.977 177 11904
80.9145 163 7035
146.119 211 13359
145.156 206 15582
152.285 197 14950
153.647 137 14762
154.455 139 13430
103.144 153 13234
134.83 136 15261
124.694 203 14938
105.592 192 7484
130.188 195 14842
123.046 142 13747
144.824 179 15413
116.737 143 11623
149.274 254 15511
113.268 214 13103
113.049 174 13835
