113.918 179 15529
103.514 150 14696
103.385 212 14750
86.0772 219 14139
92.163 173 13960
105.96 175 14515
82.268 156 8541
104.098 180 15222
95.4678 232 12897
97.4411 213 13236
123.776 184 15698
145.742 204 15381
107.977 177 13643
81.5462 158 12329
144.805 219 14437
145.813 202 15700
152.285 197 15180
153.647 137 15233
154.455 139 14933
103.458 149 15209
134.623 136 15464
124.694 203 15283
106.656 186 11838
130.188 195 15182
123.046 142 14650
144.446 284 15675
116.573 144 14336
149.274 254 15668
113.268 214 14198
109.975 185 14658
123.776 184 15698
145.742 204 15381
107.977 177 13643
81.5462 158 12329
144.805 219 14437
145.813 202 15700
152.285 197 15180
153.647 137 15233
154.455 139 14933
103.458 149 15209
134.623 136 15464
124.694 203 15283
106.656 186 11838
130.188 195 15182
123.046 142 14650
144.446 284 15675
116.573 144 14336
149.274 254 15668
113.268 214 14198
109.975 185 14658
