114.721 151 14914
103.685 150 13755
104.653 212 13381
86.8272 219 11076
94.8345 175 11002
107.685 176 13193
82.7607 153 7032
107.545 185 13340
95.8036 235 9135
97.4411 213 11020
123.776 184 15641
145.742 204 15278
109.296 177 12410
81.8657 156 7864
147.438 211 13585
145.813 202 15640
152.856 188 14826
153.647 137 14997
154.455 139 14383
103.629 149 13796
134.452 136 15117
126.289 207 15131
105.592 192 10768
136.196 200 14986
122.736 142 12664
147.697 177 15155
116.252 151 10500
157.672 252 15730
123.792 200 14412
117.36 177 14309
123.776 184 15641
145.742 204 15278
109.296 177 12410
81.8657 156 7864
147.438 211 13585
145.813 202 15640
152.856 188 14826
153.647 137 14997
154.455 139 14383
103.629 149 13796
134.452 136 15117
126.289 207 15131
105.592 192 10768
136.196 200 14986
122.736 142 12664
147.697 177 15155
116.252 151 10500
157.672 252 15730
123.792 200 14412
117.36 177 14309
