113.582 176 14022
103.892 150 11210
102.385 212 12383
85.5845 222 8783
91.8345 175 10020
105.268 183 9651
82.268 156 4342
103.441 184 12717
95.4678 232 9160
97.8036 213 10256
123.119 188 15599
145.085 208 15152
107.977 177 11702
81.4218 166 6841
146.119 211 13198
145.156 206 15577
152.285 197 14928
153.647 137 14734
154.455 139 13228
103.144 153 13117
134.588 137 15222
124.366 205 14861
105.592 192 7182
130.36 199 14792
123.348 142 13753
144.446 284 15388
115.916 148 11094
150.031 254 15532
115.918 206 13307
111.953 178 13704
123.119 188 15599
145.085 208 15152
107.977 177 11702
81.4218 166 6841
146.119 211 13198
145.156 206 15577
152.285 197 14928
153.647 137 14734
154.455 139 13228
103.144 153 13117
134.588 137 15222
124.366 205 14861
105.592 192 7182
130.36 199 14792
123.348 142 13753
144.446 284 15388
115.916 148 11094
150.031 254 15532
115.918 206 13307
111.953 178 13704
