180.318 152 7875
189.581 149 8568
175.588 154 6264
256.96 186 4164
214.756 155 6287
203.895 164 7773
176.554 154 5577
219.457 160 4733
215.185 148 4846
183.106 158 4931
203.539 150 11341
169.245 137 7621
200.804 147 8034
183.198 155 2888
218.723 168 6777
176.067 149 8326
182.968 152 6709
165.291 143 6617
192.081 152 7526
180.541 141 8050
172.844 144 4794
179.829 142 6558
215.877 190 10369
208.639 162 7238
173.085 147 3353
207.52 161 3176
146.351 134 1749
204.307 169 7183
190.284 144 8956
194.674 140 6588
203.539 150 11341
169.245 137 7621
200.804 147 8034
183.198 155 2888
218.723 168 6777
176.067 149 8326
182.968 152 6709
165.291 143 6617
192.081 152 7526
180.541 141 8050
172.844 144 4794
179.829 142 6558
215.877 190 10369
208.639 162 7238
173.085 147 3353
207.52 161 3176
146.351 134 1749
204.307 169 7183
190.284 144 8956
194.674 140 6588
