115.324 174 13086
106.382 174 10423
102.221 213 10678
85.2561 224 6576
95.3345 177 8881
105.632 177 8831
82.4396 160 3890
106.77 182 12619
95.1393 234 6729
97.8036 213 7875
125.872 182 15602
144.756 210 15102
107.977 177 10652
81.5787 162 5923
146.119 211 12356
146.141 200 15583
152.785 199 14902
153.647 137 14525
154.455 139 12266
102.944 158 12840
134.623 136 15130
126.289 207 14837
105.264 196 5816
130.196 200 14524
123.348 142 12658
145.378 179 15319
116.252 151 8180
150.955 252 15529
115.02 212 12552
114.039 179 13341
125.872 182 15602
144.756 210 15102
107.977 177 10652
81.5787 162 5923
146.119 211 12356
146.141 200 15583
152.785 199 14902
153.647 137 14525
154.455 139 12266
102.944 158 12840
134.623 136 15130
126.289 207 14837
105.264 196 5816
130.196 200 14524
123.348 142 12658
145.378 179 15319
116.252 151 8180
150.955 252 15529
115.02 212 12552
114.039 179 13341
