191.473 145 2443
191.023 146 2400
171.597 149 543
223.223 157 813
175.693 140 528
174.615 153 1852
163.977 145 426
191.463 147 801
177.886 147 1262
165.891 151 477
208.701 153 1472
180.016 139 1046
195.174 142 1191
179.439 158 497
205.565 158 1431
188.28 147 815
168.461 144 474
180.359 141 775
174.053 140 689
188.745 134 619
202.153 142 1319
170.663 136 1031
204.556 166 714
203.34 147 1528
185.351 142 1180
196.489 157 511
149.501 135 399
204.547 162 878
185.962 146 605
177.255 135 1400
208.701 153 1472
180.016 139 1046
195.174 142 1191
179.439 158 497
205.565 158 1431
188.28 147 815
168.461 144 474
180.359 141 775
174.053 140 689
188.745 134 619
202.153 142 1319
170.663 136 1031
204.556 166 714
203.34 147 1528
185.351 142 1180
196.489 157 511
149.501 135 399
204.547 162 878
185.962 146 605
177.255 135 1400
