209.845 142 468
208.017 142 459
173.011 149 449
243.471 156 553
175.693 140 454
238.493 153 483
163.977 145 408
217.411 149 502
236.535 145 620
165.891 151 461
211.322 153 508
185.559 139 482
225.28 144 512
179.439 158 482
233.429 158 513
190.659 147 490
169.668 144 423
185.116 141 448
177.467 140 439
193.032 134 457
216.04 136 454
186.078 135 430
236.22 165 573
225.363 152 463
191.246 142 430
204.267 156 486
150.915 136 360
209.585 156 495
186.826 142 464
208.039 141 472
211.322 153 508
185.559 139 482
225.28 144 512
179.439 158 482
233.429 158 513
190.659 147 490
169.668 144 423
185.116 141 448
177.467 140 439
193.032 134 457
216.04 136 454
186.078 135 430
236.22 165 573
225.363 152 463
191.246 142 430
204.267 156 486
150.915 136 360
209.585 156 495
186.826 142 464
208.039 141 472
