180.597 140 418
182.804 142 430
162.762 148 412
197.021 144 516
138.041 134 430
173.038 148 445
152.777 144 379
172.57 140 464
158.098 140 445
127.639 150 417
173.106 138 458
147.922 132 396
156.592 140 393
130.576 154 454
176.585 152 473
164.514 141 424
154.555 141 398
164.339 137 416
162.956 139 402
123.283 133 442
154.888 136 441
166.597 134 398
184.809 157 544
160.807 146 432
142.021 142 410
211.548 147 468
138.895 134 336
191.788 157 484
190.212 136 456
148.208 131 385
173.106 138 458
147.922 132 396
156.592 140 393
130.576 154 454
176.585 152 473
164.514 141 424
154.555 141 398
164.339 137 416
162.956 139 402
123.283 133 442
154.888 136 441
166.597 134 398
184.809 157 544
160.807 146 432
142.021 142 410
211.548 147 468
138.895 134 336
191.788 157 484
190.212 136 456
148.208 131 385
