151.963 141 1480
174.011 142 1387
162.762 148 548
196.528 151 806
153.839 136 414
159.517 148 653
152.777 144 391
164.292 141 479
156.708 142 437
127.639 150 429
169.07 141 504
148.644 132 417
157.23 140 524
110.176 157 533
174.478 153 479
164.616 144 477
154.555 141 445
158.533 138 627
156.904 139 483
128.524 134 555
138.65 137 878
148.894 134 509
179.659 158 580
159.098 146 463
141.728 142 737
183.136 150 1525
138.895 134 340
192.227 167 2244
174.163 138 1209
143.48 130 391
169.07 141 504
148.644 132 417
157.23 140 524
110.176 157 533
174.478 153 479
164.616 144 477
154.555 141 445
158.533 138 627
156.904 139 483
128.524 134 555
138.65 137 878
148.894 134 509
179.659 158 580
159.098 146 463
141.728 142 737
183.136 150 1525
138.895 134 340
192.227 167 2244
174.163 138 1209
143.48 130 391
